B matrix 

    0.0235      0.084     -0.152      0.193    0.00555 
   -0.0323    -0.0887      0.129     -0.185      0.155 
    -0.142    -0.0761      0.125      0.127      0.061 
     -0.12     0.0428      0.111    -0.0713     0.0594 
     0.324     0.0666    -0.0716     -0.111     -0.241 
A*B=I 

         1  -1.67e-16   3.33e-16  -3.33e-16  -2.22e-16 
 -1.11e-16          1   2.22e-16  -2.22e-16   1.11e-16 
  4.44e-16   5.55e-17          1  -2.22e-16          0 
 -1.11e-16  -5.55e-17    2.5e-16          1  -5.55e-17 
  2.78e-16  -1.67e-16   3.75e-16  -4.16e-17          1 
