A matrix 

         7          5 
         6          3 
         2          6 
         1          8 
         1          6 
         2          2 
         4          8 
         7          2 
         4          6 
Q matrix 

     0.528    -0.0901 
     0.452     -0.184 
     0.151      0.354 
    0.0754      0.592 
    0.0754      0.426 
     0.151     0.0217 
     0.302      0.376 
     0.528     -0.339 
     0.302       0.21 
R matrix 

      13.3       11.5 
         0         12 
Q^T*Q
         1   8.33e-17 
  8.33e-17          1 
Q*R-A=0
         0          0 
         0          0 
         0          0 
         0          0 
         0          0 
         0          0 
         0          0 
         0          0 
         0          0 
b vector 
         3          8          8          3         12         12         13         12         12 
x vector 
     0.915       0.96 
A*x-b 
      8.21      0.372     -0.407        5.6      -5.32      -8.25      -1.66      -3.67      -2.58 
