0.01 3.04256644523563 0.0947897569832534
0.03 3.04435863644473 0.0845495947096905
0.0625196849016524 3.04684032108925 0.068366469712926
0.107281100666474 3.04940947794915 0.0468905886693932
0.163343708012694 3.05129655682933 0.0209821571233123
0.230115637122015 3.05168078873547 -0.00898624831897149
0.307473171153235 3.0496490445073 -0.0433421685056335
0.394701546986511 3.0441631144123 -0.0828355684509324
0.488261811814951 3.03437487686723 -0.127697917418775
0.575525784487655 3.02131575158274 -0.173541155419421
0.648065502828015 3.00726283827855 -0.215812652456303
0.713421688082907 2.99184323396488 -0.258004980759965
0.77180380242788 2.97561900534589 -0.299671813355053
0.824312860317321 2.95884799121935 -0.340890759128851
0.872057283968077 2.94163384924948 -0.38187887760068
0.91816543014198 2.92307191099041 -0.42501786533947
0.959599745870899 2.90462234959615 -0.467096362416485
0.999579017178396 2.88510343814207 -0.510956256752826
1.03777977828975 2.8647522154695 -0.556124255021366
1.0722612459127 2.84484646932673 -0.59985771406716
1.10564000150938 2.82409304047493 -0.64506611008036
1.13775631092561 2.80265403532364 -0.69141619244675
1.16856965284397 2.7806420431976 -0.738683139754944
1.19810960415159 2.75813151747001 -0.786722187134814
1.22644359364761 2.73516859045358 -0.835445769031151
1.2536568277199 2.71177883748946 -0.884806232924132
1.27984039517517 2.68797307458807 -0.934783343472462
1.30508460719867 2.66375150490374 -0.985375563786787
1.32947556329909 2.63910657697929 -1.03659415781489
1.35309363759591 2.6140248819612 -1.08845932436921
1.37601306612487 2.58848835321427 -1.14099775773426
1.39830213551316 2.56247496657215 -1.19424119308746
1.42002367663982 2.53595908337188 -1.24822562545576
1.44123569305327 2.50891153396394 -1.30299098933804
1.46199203070867 2.48129950562628 -1.35858115775927
1.48234304152744 2.45308627362396 -1.41504417058094
1.50233622032079 2.42423079528715 -1.47243263793458
1.52201681030681 2.39468717241777 -1.53080429015101
1.5414283814885 2.36440397540734 -1.59022266392605
1.56061339144859 2.33332341178416 -1.65075792816974
1.57961374143929 2.30138031135903 -1.71248786375549
1.59847134308819 2.26850088870238 -1.77549902030295
1.61722871325615 2.23460123046222 -1.83988808063945
1.63592961690275 2.19958543924721 -1.9057634693014
1.65461978026808 2.16334334698905 -1.97324724360411
1.67334769883265 2.12574768923114 -2.0424773000911
1.69216556503699 2.08665061017248 -2.11360990608846
1.71113033638373 2.04587935424317 -2.18682250559132
1.73030494786652 2.00323101354779 -2.26231660878999
1.7497596270284 1.95846629043736 -2.34032026717619
1.76957315854716 1.91130251549843 -2.42108897703653
1.78983368797922 1.86140689702024 -2.50490246136988
1.81063808289425 1.80839275387354 -2.59205189197218
1.83208766159044 1.75182550555476 -2.68280636670534
1.85427578595799 1.69125349190102 -2.77733716562297
1.87725939485771 1.62629260420145 -2.87556483646973
1.90100540294585 1.55680458796042 -2.97689580209107
1.92531686100618 1.4831743733327 -3.07989253997052
1.94978747557792 1.40654675992186 -3.1821294059787
1.97386389458812 1.32873337289869 -3.2805969948073
1.99572623373915 1.25604778093532 -3.3675426922717
2.01574461380106 1.18785109543245 -3.44457003769574
2.03511963441985 1.12040360985203 -3.51630873294029
2.05261238986685 1.05833947496688 -3.57832622082642
2.06952101148044 0.997339853752303 -3.6354716503175
2.08572855990757 0.937985485845382 -3.68738261088146
2.10121562888827 0.880505771804486 -3.73412117764677
2.1160166123461 0.824917070712214 -3.77596246402949
2.13019110274181 0.771120630458458 -3.81326299591589
2.14380702181446 0.718964899641914 -3.84638812077974
2.15693158577852 0.668281933130165 -3.87567692123716
2.16962702723018 0.618906911732297 -3.90142858513435
2.18194899978577 0.570687450442488 -3.92389996755417
2.19394638914178 0.523487102970342 -3.94330837216415
2.20566179277059 0.477185776310645 -3.95983632189834
2.21713226381495 0.431678642731993 -3.97363669652993
2.22839010999569 0.386874436071428 -3.98483750102981
2.23946364800366 0.342693602704013 -3.99354599120181
2.25037787301765 0.29906653861718 -3.99985210941614
2.26115503340796 0.25593201171998 -4.00383128340908
2.27181511521061 0.213235798378141 -4.00554667686343
2.28237624697761 0.170929528313416 -4.00505098531455
2.29285503727201 0.128969716613003 -4.00238786238345
2.30326685665442 0.0873169565333581 -3.99759304823846
2.31362607471544 0.0459352468969974 -3.99069525869004
2.32394626116602 0.00479143033125145 -3.98171688118245
2.33424035850504 -0.0361452781253855 -3.97067451371712
2.34452083246639 -0.0769036891806731 -3.95757937442466
2.35479980534456 -0.117510978277764 -3.94243760287133
2.3650891764044 -0.157992976824505 -3.92525046894815
2.37540073287404 -0.198374424826402 -3.90601450106831
2.38574625447165 -0.238679192212513 -3.8847215421486
2.3961376139981 -0.27893047457266 -3.86135873928416
2.40658687621122 -0.319150967680272 -3.83590847100084
2.41710639695936 -0.359363023977938 -3.8083482143954
2.42770892436657 -0.399588793067598 -3.77865035330749
2.43840770370566 -0.439850347080995 -3.74678192792174
2.44921658743572 -0.480169790498046 -3.7127043259513
2.46015015167988 -0.520569352391829 -3.67637291597389
2.47122382011844 -0.561071457023719 -3.63773662487154
2.48245399578872 -0.601698765935278 -3.59673746414772
2.4938582004874 -0.642474180825813 -3.55331001492376
2.5054552201652 -0.683420791055919 -3.50738088983984
2.51726525258512 -0.724561741855277 -3.45886820373987
2.52931005011802 -0.765919988223843 -3.40768110669674
2.54161304517047 -0.807517883713156 -3.35371946682906
2.55419943733834 -0.849376530948423 -3.29687384261908
2.56709620846891 -0.891514789746091 -3.2370259637345
2.58033201240154 -0.933947796929872 -3.17405005708434
2.59393685789579 -0.976684798765824 -3.10781552399618
2.60794146418154 -1.01972603614029 -3.03819170475537
2.62237611922351 -1.06305836912493 -2.96505575156135
2.63726881913382 -1.10664931970403 -2.88830491705551
2.65264243791725 -1.15043932922669 -2.80787469709437
2.66851072498835 -1.19433240863407 -2.72376390508417
2.68487314788559 -1.23818618187516 -2.63606633376959
2.70170909677533 -1.28180367541821 -2.54500555141844
2.71897275513537 -1.32493078238067 -2.45096458050146
2.73659072648164 -1.36726406469094 -2.35449756117549
2.75446460108213 -1.40847183081731 -2.25631024192174
2.77247936888842 -1.44822654121773 -2.15720433810993
2.79051616748402 -1.48624066349069 -2.05799584208173
2.80846577509136 -1.5222954051855 -1.95943002563273
2.82623904912494 -1.55625472710741 -1.86211676508053
2.84377220308502 -1.58806350506548 -1.76649894010643
2.86102704002157 -1.61773420135745 -1.67285266193294
2.87798769994787 -1.6453283661358 -1.58130919155792
2.89465578799878 -1.67093821640768 -1.491886659516
2.91104533025825 -1.6946712842747 -1.4045224922102
2.92717838048903 -1.71663911862824 -1.31910145154898
2.94308158729415 -1.7369497921962 -1.23547744264188
2.95878371661823 -1.75570343848865 -1.15348920565698
2.97431397843648 -1.7729899578314 -1.07297089823794
2.98970096674102 -1.78888815338881 -0.993758799084056
3.00497203575494 -1.80346574034122 -0.915695258163506
3.02015296915256 -1.81677984302518 -0.838630795483088
3.03526783540776 -1.82887773079413 -0.762425016818764
3.05033895382267 -1.83979764122282 -0.686946815886632
3.06538692029324 -1.84956960538319 -0.612074179192684
3.08043065986626 -1.85821623241646 -0.537693798575493
3.09548748590066 -1.86575343671361 -0.463700618720143
3.11057315452711 -1.87219110616818 -0.389997393831066
3.12570190926889 -1.87753371800909 -0.316494291770604
3.14088651503051 -1.88178091217405 -0.243108559670184
3.15613828379598 -1.88492803263097 -0.169764248346278
3.17146709669142 -1.88696664545674 -0.0963919812295377
3.18688142875721 -1.88788503943469 -0.022928745450805
3.20238838389363 -1.88766871084393 0.0506823224503313
3.21799374793909 -1.88630082936111 0.124492186109298
3.23370206760013 -1.88376267700534 0.198546223443601
3.24951676185979 -1.88003404736607 0.27288463038039
3.26544027047833 -1.87509358859625 0.347542931455317
3.28147424130442 -1.86891907150234 0.422552603053677
3.29761975450657 -1.86148756413003 0.497941800517276
3.31387757782169 -1.85277549694671 0.573736163792968
3.33024844290112 -1.84275860818824 0.649959659169222
3.34673332922149 -1.83141176696838 0.726635398393734
3.36333373913039 -1.81870868188549 0.803786362183408
3.38005194552309 -1.8046215145542 0.881435943173478
3.39689119223798 -1.78912043034881 0.959608213053335
3.41385582607722 -1.77217313270099 1.03832780834109
3.43095133774429 -1.75374444321197 1.11761931656113
3.44818428617393 -1.73379600900329 1.19750602696879
3.46556207602427 -1.71228624312514 1.2780078856937
3.48309255117289 -1.68917063559974 1.35913846485862
3.50078335837558 -1.66440261306033 1.4409007242211
3.51864102680641 -1.63793517234052 1.52328132604794
3.53666970566256 -1.6097235597116 1.60624328711471
3.5548695122134 -1.57972929263541 1.68971686402684
3.57323448082145 -1.54792578572138 1.77358884079126
3.5917501882192 -1.51430568454066 1.85769090413557
3.61039127776147 -1.47888965345068 1.94178860366017
3.6291193111935 -1.44173575684454 2.02557342309316
3.6478815882057 -1.40294777986839 2.10866139734217
3.6666116715995 -1.36268013051869 2.19060183981983
3.68523218194592 -1.32113684349881 2.27089834247821
3.70365989714863 -1.27856313840354 2.34904104580153
3.7218124392818 -1.23522996652916 2.42454518823823
3.73961520642273 -1.19141425473693 2.49698811322841
3.75700707202008 -1.14737896086058 2.56603698202337
3.77394381348839 -1.10335686227672 2.63146249652278
3.79039898710214 -1.05954044209689 2.69313829757514
3.80636265198486 -1.01607824285465 2.75102925374455
3.8218387137005 -0.973076521349478 2.80517343069713
3.83684168793025 -0.930604344749719 2.85566225327405
3.85139350276636 -0.888700304715994 2.90262206969329
3.86552071119056 -0.847379462594177 2.94619883452734
3.87925227009131 -0.806639671053688 2.986546435612
3.89261789583474 -0.766466868699571 3.0238184456855
3.90564692697408 -0.726839253859258 3.05816272447942
3.91836759412593 -0.687730420724381 3.08971820441176
3.93080659580277 -0.649111620534709 3.11861324411157
3.9429888920494 -0.610953329349982 3.14496504476024
3.95493764557593 -0.573226290666563 3.16887974555324
3.96667425759475 -0.535902174351832 3.1904529227422
3.97821846051426 -0.498953963774177 3.20977030340859
3.98958844140994 -0.462356155885846 3.22690857006404
4.00080097897462 -0.426084836418942 3.24193617850697
4.01187158294562 -0.390117674597919 3.25491414315208
4.02281462937514 -0.354433868367715 3.2658967651065
4.03364348805378 -0.319014061314687 3.27493229173194
4.04437064032204 -0.283840245427633 3.28206350470204
4.05500778672224 -0.248895658914017 3.28732823837999
4.06556594468047 -0.214164684888093 3.29075983292267
4.07605553682826 -0.179632754447948 3.29238752769717
4.08648647078698 -0.14528625613268 3.29223680092794
4.09686821132325 -0.111112452762543 3.29032966133673
4.10720984578996 -0.0770994060453698 3.2866848971239
4.11752014372963 -0.0432359089633352 3.28131828710965
4.12780761145464 -0.00951142575338985 3.27424277829273
4.13808054234702 0.0240839607933379 3.26546863354163
4.14834706354548 0.0575595950003977 3.25500355263692
4.15861517961363 0.0909242871916249 3.24285276944641
4.16889281371336 0.124186345967113 3.2290191276445
4.17918784674057 0.157353603940795 3.21350313708719
4.18950815481595 0.190433436885035 3.19630301272734
4.19986164546013 0.223432776078908 3.17741469780552
4.21025629271735 0.256358113482981 3.1568318729871
4.22070017142088 0.28921549915999 3.13454595314772
4.23120149071374 0.322010530120993 3.11054607365402
4.24176862684254 0.354748329491582 3.08481906826949
4.25241015512495 0.387433514551157 3.05734944127101
4.26313488084158 0.420070151786612 3.02811933703757
4.2739518686102 0.452661696603472 2.99710851133263
4.28487046954763 0.485210914734025 2.96429430982887
4.2959003451927 0.517719781652307 2.92965166122929
4.30705148672729 0.55018935542872 2.89315309476154
4.31833422745853 0.582619617413459 2.85476879504015
4.32975924577629 0.615009273916518 2.81446671151904
4.34133755482904 0.647355510658966 2.77221274524665
4.353080473919 0.679653690245558 2.72797104266136
4.36499957505566 0.711896981353382 2.68170443498412
4.37710659619265 0.744075906948875 2.63337507254343
4.38941331041459 0.776177798006156 2.58294531603356
4.40193133782952 0.808186139528532 2.53037896069577
4.41467188440771 0.840079798168474 2.47564288326422
4.42764538999836 0.871832126893108 2.41870921226245
4.4408610671677 0.903409954033988 2.35955812458279
4.45432631480957 0.934772484306734 2.2981813567335
4.46804599781378 0.965870170732962 2.23458647544414
4.48202159910631 0.996643660656282 2.16880186416332
4.49625027569754 1.02702297503672 2.10088223445063
4.51072388711289 1.05692714063482 2.03091425794604
4.52542811002643 1.08626454273812 1.95902165114534
4.54034179778696 1.11493427414163 1.88536878525549
4.5554367706301 1.1428286907913 1.81016173646277
4.57067820967299 1.16983722152326 1.73364576613819
4.58602575802609 1.19585122606079 1.65609862719516
4.60143530692425 1.22076940860345 1.57781982582917
4.61686129301385 1.24450307303737 1.49911685829225
4.63225920595203 1.26698045003589 1.4202901924209
4.64758795271015 1.28814947976497 1.34161908219983
4.66281176694589 1.30797875137682 1.26335006606596
4.67790146891833 1.32645666858052 1.18568931623646
4.69283502679835 1.34358920808496 1.10879915003051
4.70759749570835 1.35939679211068 1.03279826906331
4.72218048760516 1.37391080262014 0.95776483092363
4.73658134898158 1.38717016731449 0.883741308650334
4.75080220722445 1.39921830480603 0.810740182022118
4.76484900906551 1.41010057678935 0.738749721633764
4.77873063205118 1.41986228543403 0.667739376353497
4.79245811246516 1.42854718244774 0.597664496538766
4.80604400499718 1.43619641824984 0.528470292992742
4.81950187103551 1.44284784647935 0.46009504226311
4.8328458821326 1.44853560135127 0.392472611808154
4.84609052069628 1.4532898757301 0.325534406879665
4.85925035919799 1.4571368411386 0.2592108469861
4.87233990052921 1.4600986642562 0.193432473119112
4.88537346445035 1.46219358627932 0.128130774231955
4.89836510765451 1.46343604126765 0.0632388069506364
4.91132856741478 1.46383679727676 -0.00130833144180961
4.92427722090451 1.46340310993239 -0.0655731289146568
4.93722405400905 1.46213888248327 -0.129615345711145
4.95018163478486 1.46004482963024 -0.193491732595273
4.96316208770584 1.45711864488372 -0.257255756380943
4.97617706551598 1.4533551731134 -0.320957313093286
4.98923771593563 1.44874659153122 -0.384642412076765
5.00235464069772 1.44328260375311 -0.448352816326191
5.01553784447132 1.43695065293085 -0.512125625597877
5.02879667121407 1.42973616130507 -0.575992789792656
5.04213972544166 1.42162280492954 -0.639980541056217
5.05557477588014 1.41259283372437 -0.704108734439264
5.06910863906282 1.4026274483328 -0.768390089307905
5.08274704075962 1.39170724628831 -0.832829327603059
5.0964944538214 1.37981275043787 -0.897422211227086
5.11035391225075 1.36692503196337 -0.962154490060689
5.12432680325355 1.35302643809679 -1.02700078512109
5.13841264184904 1.33810143000811 -1.09192344867358
5.15260883641982 1.32213752858318 -1.15687146467414
5.16691045832163 1.30512635424858 -1.22177947775495
5.18131003404789 1.28706473139589 -1.28656706460478
5.19579738380182 1.2679558088568 -1.35113838369764
5.21035953458994 1.24781012705249 -1.41538235158539
5.22498073766444 1.22664654317186 -1.47917348876458
5.23964261771521 1.20449291274655 -1.54237354813148
5.2543244733723 1.18138642472532 -1.60483397988294
5.26900373497758 1.15737350230106 -1.66639920007546
5.28365656735406 1.13250921530562 -1.72691052589494
5.29825858524642 1.10685619951645 -1.78621053715189
5.31278563126929 1.08048313625376 -1.84414754329967
5.32721455478531 1.0534629010059 -1.90057979908303
5.34152392813371 1.02587053066351 -1.95537913126073
5.3556946447359 0.997781176513524 -2.00843371139621
5.36971035993347 0.969268201571369 -2.05964981967739
5.38355775617535 0.940401549767562 -2.10895256808901
5.39722663495478 0.911246469446689 -2.15628566350836
5.41070985498893 0.881862624849318 -2.20161037429149
5.42400314736297 0.852303585723111 -2.2449039094264
5.43710484326712 0.822616652725717 -2.28615742871993
5.45001554943292 0.792842956919829 -2.32537388374309
5.46273780204506 0.763017764476599 -2.3625658531561
5.47527572352859 0.733170919945067 -2.39775349288341
5.48763469968484 0.703327369755246 -2.43096267935127
5.49982108821503 0.673507718907363 -2.4622233875792
5.51184196431278 0.643728785684388 -2.49156831756707
5.52370490493358 0.614004130165884 -2.51903176238899
5.53541781051923 0.584344541508526 -2.54464869874092
5.54698876118847 0.554758476128033 -2.56845407390011
5.55842590346759 0.525252444152228 -2.59048226055662
5.56973736329717 0.495831345083176 -2.61076665135365
5.58093118111275 0.46649875584381 -2.62933936708608
5.59201526510139 0.437257175623316 -2.64623105551337
5.60299735916552 0.40810823246657 -2.66147076106466
5.61388502260281 0.379052856611411 -2.67508584898525
5.62468561898238 0.350091425342498 -2.68710197048273
5.6354063121368 0.321223883731492 -2.6975430580794
5.64605406757827 0.292449845159479 -2.70643134263194
5.65663565798335 0.263768675027305 -2.7137873853543
5.66715767167254 0.235179560588406 -2.71963011970843
5.67762652324427 0.206681569406874 -2.72397689925615
5.68804846571214 0.178273698560141 -2.7268435485399
5.69842960364674 0.149954916373395 -2.72824441482671
5.70877590694359 0.121724198190173 -2.72819241914628
5.71909322493392 0.0935805574468535 -2.72669910551743
5.72938730062777 0.0655230731232491 -2.72377468761458
5.73966378493515 0.0375509144822552 -2.71942809240199
5.74992825075257 0.00966336388381065 -2.71366700047848
5.76018620683265 -0.0181401616420238 -2.70649788304426
5.77044311137501 -0.045860089455003 -2.69792603553779
5.78070438528979 -0.073496670446343 -2.68795560810566
5.79097542509083 -0.101049957749514 -2.67658963317015
5.80126161537532 -0.128519784530598 -2.6638300504567
5.81156834084104 -0.155905740377394 -2.6496777299426
5.82190099778024 -0.183207145802175 -2.63413249329726
5.83226500497173 -0.210423024356464 -2.61719313450808
5.84266581386854 -0.237552071828 -2.5988574405336
5.8531089179468 -0.26459262195048 -2.5791222130027
5.86359986104156 -0.291542608006112 -2.5579832921954
5.8741442444449 -0.318399519639636 -2.53543558480604
5.88474773247967 -0.345160354131002 -2.51147309731505
5.89541605618608 -0.371821561293253 -2.48608897719357
5.90615501466516 -0.398378981074147 -2.45927556465035
5.91697047351062 -0.424827772847869 -2.43102445821869
5.92786835962533 -0.451162335291749 -2.40132659818928
5.9388546515569 -0.47737621566006 -2.37017237273936
5.94993536429736 -0.503462007204732 -2.33755175260427
5.96111652727104 -0.529411233468454 -2.30345446129325
5.97240415398453 -0.555214218214639 -2.26787018916604
5.98380420153555 -0.58085993989641 -2.230788861139
5.99532251788386 -0.606335869852076 -2.19220096932997
6.0069647744959 -0.631627793912887 -2.15209798347945
6.01873638171596 -0.656719617905161 -2.11047285333459
6.03064238404323 -0.681593158729168 -2.06732061808405
6.04268733247849 -0.706227924426672 -2.02263913798337
6.05487513135632 -0.730600889044104 -1.97642996194414
6.0672088577392 -0.754686271286986 -1.92869934131059
6.0796905526981 -0.778455330027136 -1.87945939335969
6.09232098584123 -0.801876194647539 -1.82872940714642
6.10509939747271 -0.824913753780526 -1.77653726811704
6.11802322689471 -0.847529631702918 -1.72292095570345
6.13108784058077 -0.869682286571934 -1.66793003999404
6.14428627993679 -0.891327267403398 -1.61162707113037
6.15760905441467 -0.912417665345404 -1.5540887220613
6.17104401065243 -0.932904787326098 -1.49540651808449
6.18457631045053 -0.952739064839003 -1.43568697400242
6.19818854796624 -0.971871186924642 -1.37505097149008
6.21186102809229 -0.99025341583674 -1.31363225336353
6.22557221323249 -1.00784101063185 -1.25157499019501
6.23929932593168 -1.0245936546075 -1.18903048144585
6.25301907325283 -1.04047676478172 -1.12615317114916
6.2667084399098 -1.05546256175936 -1.06309626301127
6.28034548547376 -1.06953079882465 -1.00000728684213
6.29391007948907 -1.08266908710066 -0.937023980382139
6.30738451746847 -1.09487280150128 -0.874270804674462
6.32075397815111 -1.10614459992531 -0.811856318938066
6.33400680390086 -1.1164936264443 -0.749871524730578
6.34713460709002 -1.1259344922659 -0.68838917409265
6.36013222209585 -1.13448613463183 -0.627463942662313
6.37299753318831 -1.14217064603274 -0.567133307687482
6.38573121291823 -1.14901214893957 -0.507418944146463
6.39833640471559 -1.15503576987178 -0.448328454376517
6.41081837898533 -1.1602667453889 -0.389857268694879
6.42318418578435 -1.16472967436255 -0.331990587061651
6.4354423205892 -1.16844791700911 -0.27470526711127
6.44760241366206 -1.17144313181785 -0.217971596578069
6.4596749485868 -1.17373493614288 -0.161754915390523
6.47167101182727 -1.17534067396132 -0.106017073530101
6.48360207258446 -1.17627527420701 -0.0507177254038679
6.4954797906137 -1.17655118435732 0.00418452911889151
6.5073158487857 -1.17617836594669 0.0587311415595984
6.51912180682625 -1.17516434095702 0.112962731821127
6.53090897267318 -1.17351428030265 0.166918307304703
6.5426882881114 -1.17123112771571 0.220634567196183
6.55447022569457 -1.16831575415946 0.274145276814412
6.56626469437547 -1.1647671394159 0.327480699217201
6.57808095171263 -1.16058257870036 0.380667073814644
6.58992752098503 -1.1557579130507 0.433726134442267
6.60181211202698 -1.15028778282301 0.486674662158414
6.61374154509718 -1.14416590389618 0.539524070944345
6.62572167762647 -1.13738536613202 0.59228002750057
6.63775733425273 -1.12993895324232 0.644942109430229
6.64985224114785 -1.12181948246348 0.697503509223221
6.66200896625877 -1.11302016132925 0.749950794490836
6.67422886769837 -1.1035349573767 0.802263737668956
6.68651205309178 -1.09335897486863 0.85441523065346
6.69885735315298 -1.08248883065895 0.906371301232217
6.71126231306442 -1.07092301931517 0.958091248367813
6.72372320528061 -1.05866225574891 1.00952791199771
6.7362350670982 -1.04570978214809 1.06062808975191
6.74879176567141 -1.03207162523658 1.1113331076845
6.761386092078 -1.01775679008487 1.16157954484361
6.77400988458277 -1.00277737807279 1.21130010262651
6.78665417949105 -0.987148619264429 1.26042460006157
6.79930938608264 -0.970888813333363 1.30888106638855
6.81196548026677 -0.95401917802621 1.35659689370748
6.82461221002316 -0.936563609545388 1.40350000617303
6.83723930460115 -0.91854836461539 1.44951999916517
6.84983667899535 -0.900001678770211 1.49458920262252
6.86239462547484 -0.880953339020929 1.53864362732332
6.87490398488827 -0.86143423114067 1.58162376084759
6.88735629197817 -0.841475882165035 1.62347519030696
6.89974389082478 -0.821110017412756 1.66414904046385
6.9120600185748 -0.800368148657138 1.70360222729374
6.92429885757426 -0.779281206443127 1.7417975372392
6.93645555773178 -0.757879225429346 1.77870355052778
6.94852623226624 -0.736191087502713 1.81429443252385
6.96050793088254 -0.714244323646844 1.84854962007935
6.97239859487433 -0.692064972408526 1.8814534304686
6.98419699872324 -0.669677490436757 1.91299461917772
6.99590268252873 -0.647104708990913 1.94316591010866
7.0075158791519 -0.624367829466855 1.97196351819703
7.01903743937778 -0.601486450755598 1.99938668051735
7.0304687577695 -0.578478621486362 2.02543720804616
7.04181170126384 -0.555360910770555 2.05011906664514
7.05306854198164 -0.532148491825373 2.07343799268261
7.06424189522338 -0.508855233708442 2.09540114610931
7.07533466320121 -0.485493797257072 2.11601680175414
7.08634998472536 -0.462075732141259 2.13529407807218
7.0972911908093 -0.438611572673916 2.15324270149773
7.10816176597514 -0.415110930657496 2.16987280385476
7.11896531491735 -0.391582584078386 2.18519474987927
7.12970553410711 -0.368034560892725 2.19921899174159
7.14038618788135 -0.344474217488685 2.21195594745909
7.15101108854979 -0.320908311672065 2.22341590020916
7.16158408006199 -0.29734307021693 2.23360891574724
7.17210902479896 -0.273784251162836 2.24254477537312
7.1825897930842 -0.250237201136188 2.25023292214754
7.19303025504352 -0.226706908035089 2.25668241832306
7.20343427447981 -0.203198049452884 2.26190191220742
7.21380570446461 -0.179715037232313 2.26589961291701
7.22414838438245 -0.156262058545165 2.26868327169882
7.23446613819613 -0.132843113885907 2.27026016869923
7.24476277372903 -0.109462052355256 2.27063710423783
7.2550420827867 -0.0861226045935841 2.26982039380472
7.26530784196146 -0.0628284137063172 2.26781586614149
7.27556381398304 -0.0395830645054118 2.26462886389279
7.28581374949354 -0.0163901113735724 2.26026424642725
7.29606138913807 0.00674689495820651 2.25472639452773
7.30631046587204 0.0298243814435436 2.24801921674236
7.3165647073931 0.0528387273001045 2.24014615727205
7.32682783861033 0.0757862388818298 2.23111020535019
7.33710358406512 0.0986631245982096 2.22091390614659
7.34739567021722 0.121465469640724 2.20955937330397
7.35770782750651 0.144189210280415 2.19704830329264
7.36804379209469 0.166830107502596 2.18338199184951
7.37840730718248 0.189383719745173 2.16856135285419
7.3888021237859 0.211845374506345 2.15258694008827
7.39923200084027 0.234210138586013 2.13545897242791
7.40970070448167 0.256472786723667 2.11717736313545
7.42021200633333 0.278627768394727 2.09774175404613
7.43076968059739 0.300669172528282 2.07715155559286
7.44137749972138 0.322590689913321 2.05540599377785
7.45203922837245 0.344385573069837 2.03250416538685
7.46275861541105 0.366046593377806 2.00844510295025
7.47353938350948 0.38756599528426 1.98322785118705
7.48438521600929 0.408935447450361 1.95685155692066
7.49529974055615 0.430145990761511 1.92931557472694
7.50628650899238 0.451187983210388 1.90061959085809
7.51734897292853 0.472051041783109 1.87076376827002
7.52849045435983 0.49272398164165 1.83974891584813
7.5397141106456 0.513194753112323 1.80757668515023
7.55102289313938 0.533450377272893 1.774249798129
7.5624194987529 0.553476881293508 1.73977230930638
7.5739063137748 0.573259235142774 1.70414990568011
7.58548534936222 0.59278129183253 1.66739024715579
7.59715816830383 0.612025734051238 1.62950334940505
7.60892580294452 0.630974030826793 1.59050200961493
7.62078866459437 0.649606408751096 1.55040227346661
7.63274644535017 0.667901843256275 1.50922393870723
7.64479801406262 0.685838076390968 1.46699108672538
7.65694130920096 0.703391668400308 1.42373262853153
7.66917323259124 0.720538091013487 1.379482845515
7.68148954938933 0.737251870486205 1.33428189851127
7.69388480109894 0.753506787887132 1.28817627152904
7.70635223979853 0.769276142592961 1.24121910973081
7.71888379277159 0.784533082225075 1.19347040604375
7.73147006715884 0.799250998172879 1.14499698849439
7.74410040376158 0.813403980430188 1.09587226253256
7.75676298745425 0.826967319006613 1.04617567059325
7.76944501866011 0.839918032265473 0.995991845735706
7.78213294605845 0.852235396088977 0.945409457209101
7.79481275544553 0.863901442890286 0.894519771724058
7.80747030405473 0.87490139729224 0.843414982195105
7.82009168445327 0.88522401662017 0.79218638185271
7.83266359822215 0.894861809527878 0.740922481668343
7.84517371770724 0.903811114714866 0.689707179380464
7.85761101459304 0.912072032736042 0.638618086980533
7.86996603686051 0.919648215803124 0.587725110347572
7.88223112038474 0.926546531533822 0.537089351954649
7.89440052724048 0.932776625351772 0.486762378926796
7.90647050882903 0.938350411727729 0.436785868579803
7.91843929740804 0.943281526382077 0.387191615971708
7.93030703391374 0.947584770250033 0.338001865952338
7.94207564281514 0.951275572187376 0.289229917281192
7.95376543851457 0.954373531356168 0.240811487924125
7.96540419580422 0.956895876834508 0.192650481279103
7.97700691062058 0.958852798974731 0.144703208081143
7.98858087509135 0.96025104588636 0.0969574604072377
8.0001287508797 0.961095929378341 0.0494197909181259
8.01165044256594 0.961392432554533 0.00210773126758429
8.02314424049129 0.961145806948375 -0.0449549708968454
8.03460751479379 0.960361880437678 -0.0917412540739523
8.04603713261392 0.959047203181888 -0.138222494017561
8.05742970467566 0.957209104773805 -0.184369544059022
8.06878172735319 0.954855704354829 -0.230153339794253
8.08008966159131 0.951995897042596 -0.275545240917417
8.09134997464017 0.94863932924186 -0.320517218903307
8.10256286665847 0.944795015891006 -0.365056638553094
8.11375548546039 0.940460993317151 -0.409257246572366
8.12494630809099 0.935634554244413 -0.453176400651954
8.13614811559016 0.93031274566693 -0.496847373181054
8.14736981592749 0.924492672166929 -0.540286890924174
8.15861757085737 0.918171710566786 -0.583499807665426
8.16989549964815 0.911347686185158 -0.626482044348274
8.18120612562724 0.904019032493337 -0.669222484928043
8.19255066739941 0.896184941541389 -0.711704248919316
8.20392923759766 0.887845505456863 -0.753905599003144
8.21534098800916 0.87900184612394 -0.795800641884193
8.22678422497866 0.869656228997392 -0.837359918226757
8.23825650960364 0.859812156936815 -0.878550938274616
8.24975475127093 0.849474440465648 -0.919338694823801
8.26127529924674 0.838649241706669 -0.959686169206977
8.27281403453466 0.827344090277052 -0.999554835614441
8.28436646258045 0.815567870549596 -1.03890516245614
8.29592780634124 0.803330780830264 -1.07769710537599
8.30749309857545 0.790644266100189 -1.11589058423931
8.31905727184248 0.777520926960998 -1.15344593546655
8.33061524455805 0.763974408250282 -1.19032433116273
8.34216200148291 0.750019271415051 -1.22648815734738
8.3536926671884 0.735670855116337 -1.2619013450083
8.36520257130563 0.720945128677808 -1.29652964948794
8.376687304691 0.705858542894429 -1.33034087567802
8.3881427659966 0.690427882410462 -1.36330504847957
8.39956519849043 0.674670123399488 -1.39539452984028
8.41095121730404 0.658602299681135 -1.42658408529828
8.42229782757478 0.642241379741167 -1.45685090426698
8.43360243418388 0.625604156432738 -1.48617457925091
8.4448628439649 0.608707150469838 -1.51453704978147
8.45607726136728 0.591566528213352 -1.54192251712601
8.46724427861304 0.574198033719604 -1.56831733579521
8.47836286138645 0.556616934584529 -1.59370988760592
8.48943233105722 0.538837980778596 -1.61809044360869
8.50045234436715 0.520875375425535 -1.64145101861909
8.51142287141755 0.502742756323838 -1.6637852224535
8.52234417269012 0.484453186932244 -1.68508811130757
8.53321677572376 0.466019155525681 -1.70535604206605
8.5440414519608 0.447452581262664 -1.72458653172207
8.55481919417303 0.428764825975919 -1.74277812353079
8.56555119478303 0.409966710593336 -1.75993026103577
8.57623882531213 0.391068535206289 -1.77604317069196
8.58688361711387 0.372080101918961 -1.79111775346517
8.59748724349013 0.353010739729158 -1.80515548551052
8.60805150323682 0.333869330803935 -1.81815832781631
8.61857830562575 0.314664337618757 -1.83012864453691
8.62906965679761 0.295403830525254 -1.84106912962142
8.63952764751751 0.276095515398758 -1.85098274126631
8.64995444222728 0.256746761092505 -1.8598726436737
8.66035226931701 0.23736462649092 -1.8677421555741
8.67072341253118 0.217955887010327 -1.8745947049707
8.68107020342054 0.198527060442562 -1.88043378957367
8.69139501475001 0.179084432076199 -1.88526294241637
8.70170025477334 0.159634079062384 -1.88908570217551
8.71198836228754 0.140181894018563 -1.89190558775312
8.72226180238312 0.120733607884476 -1.89372607671663
8.73252306280956 0.101294812061618 -1.89455058723396
8.74277465087956 0.0818709798804856 -1.89438246318098
8.75301909083899 0.0624674874501199 -1.89322496214002
8.76325892163326 0.0430896339521995 -1.89108124604765
8.77349669500406 0.0237426614476605 -1.88795437428965
8.78373497385282 0.00443177426800835 -1.88384729907934
8.79397633080983 -0.0148378419336347 -1.87876286299279
8.80422334694897 -0.0340610013948334 -1.87270379857156
8.81447861058914 -0.0532324996415425 -1.86567272993987
8.82474471612327 -0.0723470949929067 -1.85767217641939
8.83502426281495 -0.0913994900951107 -1.8487045581616
8.84531985350096 -0.110384313407049 -1.83877220385481
8.85563409313548 -0.129296100561978 -1.82787736060147
8.86596958710771 -0.148129275531329 -1.81602220610137
8.87632893926006 -0.16687813151965 -1.80320886331844
8.88671474952816 -0.185536811523295 -1.78943941785362
8.89712961111668 -0.204099288490338 -1.77471593829393
8.90757610711647 -0.222559345025452 -1.75904049985893
8.91805680645907 -0.240910552591631 -1.74241521172102
8.9285742590931 -0.259146250171079 -1.724842248435
8.93913099025488 -0.277259522361027 -1.70632388597551
8.94972949369159 -0.295243176897276 -1.68686254294877
8.96037222368035 -0.31308972161998 -1.66646082761569
8.97106158567029 -0.330791340923449 -1.64512159143762
8.98179992535825 -0.348339871766019 -1.62284798993085
8.99258951599136 -0.365726779358657 -1.59964355169004
9.00343254367395 -0.382943132703682 -1.5755122565099
9.01433109044122 -0.399979580219825 -1.55045862359448
9.0252871148511 -0.416826325768706 -1.52448781088646
9.03630242983955 -0.433473105493206 -1.49760572656729
9.04737867758676 -0.44990916599219 -1.46981915375922
9.05851730115513 -0.466123244490848 -1.44113588938845
9.06971951268962 -0.482103551823086 -1.41156489802412
9.08098625802205 -0.497837759222829 -1.38111648126807
9.09231817759975 -0.513312990123876 -1.3498024629062
9.1037155637735 -0.528515818390306 -1.31763638951209
9.11517831463758 -0.543432274634987 -1.28463374548135
9.12670588482522 -0.558047862521724 -1.25081218053564
9.13829723393271 -0.572347587170425 -1.21619174653399
9.14995077358196 -0.586315997970104 -1.18079513894435
9.16166431453438 -0.599937248219215 -1.14464793655195
9.17343501573562 -0.613195174014614 -1.10777883093917
9.18525933768485 -0.626073394649147 -1.07021983502767
9.19713300305653 -0.638555436396625 -1.03200645765456
9.20905096801323 -0.650624880904322 -0.993177828952161
9.2210074080717 -0.662265538426918 -0.953776759491275
9.23299572264317 -0.673461644791886 -0.913849715077604
9.24500856236819 -0.684198079289249 -0.873446689163665
9.25703788301362 -0.69446059868437 -0.832620956467675
9.26907502891031 -0.704236080381703 -0.791428694932488
9.28111084763703 -0.713512765612037 -0.749928468821232
9.29313583590524 -0.722280491631971 -0.708180573497761
9.30514031445107 -0.730530900608364 -0.666246251920656
9.31714864695113 -0.738278848864859 -0.624066984364349
9.32920602002234 -0.745547508399541 -0.581508327642958
9.34133641299854 -0.752341186221468 -0.538508269235319
9.3535505696883 -0.758653703432818 -0.495051016920151
9.3658507912893 -0.764473370909269 -0.451151020818053
9.37823389259034 -0.7697860317381 -0.406842945423104
9.39069307409815 -0.774576972341332 -0.362175171324579
9.40321914501379 -0.778832151600959 -0.317205418869149
9.41580135249438 -0.782539003769011 -0.271997663767473
9.42842796798057 -0.785686962437291 -0.226619854971638
9.44108671928601 -0.788267791695822 -0.18114214884703
9.45376512017825 -0.790275776462303 -0.13563549559481
9.4664507273934 -0.791707805273372 -0.0901704856155507
9.47913134251289 -0.792563368835295 -0.0448164041051815
9.49179516925493 -0.792844492328198 0.000359536372167853
9.50443093320431 -0.79255561648855 0.0452928055306175
9.51702796935992 -0.791703440531454 0.089922023692226
9.5295762822001 -0.790296738333127 0.134189304592414
9.5420665826886 -0.788346157684971 0.178040488832366
9.55449030645374 -0.785864010788972 0.221425284452852
9.56683961711655 -0.782864062536372 0.264297330815208
9.5791073983718 -0.779361321580924 0.3066142009738
9.59128723794911 -0.775371837862239 0.348337356118977
9.60337340604123 -0.770912509104115 0.389432063676378
9.61536083022977 -0.766000897925758 0.4298672885065
9.62724506841054 -0.760655060549856 0.469615564568104
9.63902228075331 -0.754893387639795 0.508652852546946
9.65068920134486 -0.748734457506772 0.54695838740248
9.66224310986745 -0.742196901751081 0.584514518588336
9.67368180345606 -0.735299283298614 0.621306544850307
9.68500356874673 -0.728059986729094 0.657322544959458
9.69620715406303 -0.720497120741234 0.692553205439659
9.70729174167153 -0.71262843254571 0.726991646233213
9.71830597643892 -0.704433905879036 0.760782798047536
9.72928079262886 -0.695900904914436 0.794011277933546
9.74023449614316 -0.687023152446584 0.826719561535978
9.75117752991307 -0.67779883219657 0.858924241948566
9.76211540843625 -0.668229312889803 0.890625993094105
9.77305054905212 -0.658318280376043 0.921815759519206
9.78398342740784 -0.648071139578869 0.95247864668415
9.79491331406181 -0.637494595453812 0.98259639286286
9.80583874908482 -0.626596352840132 1.01214895728094
9.81675785141218 -0.615384895382028 1.04111555215293
9.82766852304904 -0.603869317236984 1.06947532085412
9.83856858565996 -0.592059190351245 1.09720778776031
9.849455873089 -0.57996445613108 1.12429315813162
9.86032829465953 -0.567595334348519 1.15071251733669
9.87118387868378 -0.554962244750486 1.17644796075472
9.88202080223106 -0.542075738540002 1.20148267458795
9.89283741109187 -0.528946437974567 1.22580098093987
9.90363223255413 -0.515584982989932 1.24938835623821
9.914403982778 -0.502001984150399 1.27223142940247
9.92515157003063 -0.488207981446638 1.29431796445203
9.9358740947061 -0.474213408574147 1.31563683114165
9.94657084683505 -0.460028562373429 1.33617796646195
9.95724130163963 -0.445663577125246 1.35593232931193
9.96788511358424 -0.431128403389302 1.37489185025407
9.97850210929443 -0.416432791063539 1.39304937794877
9.98909227965541 -0.40158627633074 1.41039862360625
9.99965577135185 -0.386598172152676 1.42693410457188
10 -0.386106889998347 1.42745983207711
