0 0 0
0.344827586206897 0.344827586206897 0.0594530321046373
0.689655172413793 0.689655172413793 0.237812128418549
1.03448275862069 1.03448275862069 0.535077288941736
1.37931034482759 1.37931034482759 0.951248513674197
1.72413793103448 1.72413793103448 1.48632580261593
2.06896551724138 2.06896551724138 2.14030915576694
2.41379310344828 2.41379310344828 2.91319857312723
2.75862068965517 2.75862068965517 3.80499405469679
3.10344827586207 3.10344827586207 4.81569560047563
3.44827586206897 3.44827586206897 5.94530321046373
3.79310344827586 3.79310344827586 7.19381688466112
4.13793103448276 4.13793103448276 8.56123662306778
4.48275862068966 4.48275862068966 10.0475624256837
4.82758620689655 4.82758620689655 11.6527942925089
5.17241379310345 5.17241379310345 13.3769322235434
5.51724137931035 5.51724137931035 15.2199762187872
5.86206896551724 5.86206896551724 17.1819262782402
6.20689655172414 6.20689655172414 19.2627824019025
6.55172413793103 6.55172413793103 21.4625445897741
6.89655172413793 6.89655172413793 23.7812128418549
7.24137931034483 7.24137931034483 26.2187871581451
7.58620689655172 7.58620689655172 28.7752675386445
7.93103448275862 7.93103448275862 31.4506539833532
8.27586206896552 8.27586206896552 34.2449464922711
8.62068965517241 8.62068965517241 37.1581450653983
8.96551724137931 8.96551724137931 40.1902497027348
9.31034482758621 9.31034482758621 43.3412604042806
9.6551724137931 9.6551724137931 46.6111771700357
10 10 50


0 0 0
0.00538793103448276 0.00538793103448276 1.45149004161712E-05
0.0107758620689655 0.0107758620689655 5.80596016646849E-05
0.0161637931034483 0.0161637931034483 0.000130634103745541
0.021551724137931 0.021551724137931 0.00023223840665874
0.0269396551724138 0.0269396551724138 0.000362872510404281
0.0323275862068966 0.0323275862068966 0.000522536414982164
0.0377155172413793 0.0377155172413793 0.00071123012039239
0.0431034482758621 0.0431034482758621 0.000928953626634958
0.0484913793103448 0.0484913793103448 0.00117570693370987
0.0538793103448276 0.0538793103448276 0.00145149004161712
0.0592672413793104 0.0592672413793104 0.00175630295035672
0.0646551724137931 0.0646551724137931 0.00209014565992866
0.0700431034482759 0.0700431034482759 0.00245301817033294
0.0754310344827586 0.0754310344827586 0.00284492048156956
0.0808189655172414 0.0808189655172414 0.00326585259363853
0.0862068965517242 0.0862068965517242 0.00371581450653984
0.0915948275862069 0.0915948275862069 0.00419480622027349
0.0969827586206897 0.0969827586206897 0.00470282773483948
0.102370689655172 0.102370689655172 0.00523987905023782
0.107758620689655 0.107758620689655 0.0058059601664685
0.113146551724138 0.113146551724138 0.00640107108353152
0.118534482758621 0.118534482758621 0.00702521180142688
0.123922413793104 0.123922413793104 0.00767838232015459
0.129310344827586 0.129310344827586 0.00836058263971463
0.134698275862069 0.134698275862069 0.00907181276010702
0.140086206896552 0.140086206896552 0.00981207268133176
0.145474137931035 0.145474137931035 0.0105813624033888
0.150862068965517 0.150862068965517 0.0113796819262783
0.15625 0.15625 0.01220703125
0.161637931034483 0.161637931034483 0.0130634103745541
0.167025862068966 0.167025862068966 0.0139488192999406
0.172413793103448 0.172413793103448 0.0148632580261593
0.177801724137931 0.177801724137931 0.0158067265532105
0.183189655172414 0.183189655172414 0.016779224881094
0.188577586206897 0.188577586206897 0.0177807530098098
0.193965517241379 0.193965517241379 0.0188113109393579
0.199353448275862 0.199353448275862 0.0198708986697384
0.204741379310345 0.204741379310345 0.0209595162009513
0.210129310344828 0.210129310344828 0.0220771635329965
0.21551724137931 0.21551724137931 0.023223840665874
0.220905172413793 0.220905172413793 0.0243995475995839
0.226293103448276 0.226293103448276 0.0256042843341261
0.231681034482759 0.231681034482759 0.0268380508695006
0.237068965517242 0.237068965517242 0.0281008472057075
0.242456896551724 0.242456896551724 0.0293926733427468
0.247844827586207 0.247844827586207 0.0307135292806183
0.25323275862069 0.25323275862069 0.0320634150193223
0.258620689655173 0.258620689655173 0.0334423305588585
0.264008620689655 0.264008620689655 0.0348502758992271
0.269396551724138 0.269396551724138 0.0362872510404281
0.274784482758621 0.274784482758621 0.0377532559824614
0.280172413793104 0.280172413793104 0.039248290725327
0.285560344827586 0.285560344827586 0.040772355269025
0.290948275862069 0.290948275862069 0.0423254496135553
0.296336206896552 0.296336206896552 0.043907573758918
0.301724137931035 0.301724137931035 0.045518727705113
0.307112068965517 0.307112068965517 0.0471589114521404
0.3125 0.3125 0.0488281250000001
0.317887931034483 0.317887931034483 0.0505263683486921
0.323275862068966 0.323275862068966 0.0522536414982165
0.328663793103448 0.328663793103448 0.0540099444485732
0.334051724137931 0.334051724137931 0.0557952771997622
0.339439655172414 0.339439655172414 0.0576096397517837
0.344827586206897 0.344827586206897 0.0594530321046374
0.35021551724138 0.35021551724138 0.0613254542583235
0.355603448275862 0.355603448275862 0.0632269062128419
0.360991379310345 0.360991379310345 0.0651573879681927
0.366379310344828 0.366379310344828 0.0671168995243758
0.371767241379311 0.371767241379311 0.0691054408813913
0.377155172413793 0.377155172413793 0.0711230120392391
0.382543103448276 0.382543103448276 0.0731696129979192
0.387931034482759 0.387931034482759 0.0752452437574317
0.393318965517242 0.393318965517242 0.0773499043177765
0.398706896551724 0.398706896551724 0.0794835946789537
0.404094827586207 0.404094827586207 0.0816463148409632
0.40948275862069 0.40948275862069 0.0838380648038051
0.414870689655173 0.414870689655173 0.0860588445674793
0.420258620689655 0.420258620689655 0.0883086541319858
0.425646551724138 0.425646551724138 0.0905874934973247
0.431034482758621 0.431034482758621 0.0928953626634959
0.436422413793104 0.436422413793104 0.0952322616304995
0.441810344827586 0.441810344827586 0.0975981903983354
0.447198275862069 0.447198275862069 0.0999931489670037
0.452586206896552 0.452586206896552 0.102417137336504
0.457974137931035 0.457974137931035 0.104870155506837
0.463362068965518 0.463362068965518 0.107352203478003
0.46875 0.46875 0.10986328125
0.474137931034483 0.474137931034483 0.11240338882283
0.479525862068966 0.479525862068966 0.114972526196492
0.484913793103449 0.484913793103449 0.117570693370987
0.490301724137931 0.490301724137931 0.120197890346314
0.495689655172414 0.495689655172414 0.122854117122473
0.501077586206897 0.501077586206897 0.125539373699465
0.50646551724138 0.50646551724138 0.128253660077289
0.511853448275862 0.511853448275862 0.130996976255945
0.517241379310345 0.517241379310345 0.133769322235434
0.522629310344828 0.522629310344828 0.136570698015755
0.528017241379311 0.528017241379311 0.139401103596909
0.533405172413793 0.533405172413793 0.142260538978894
0.538793103448276 0.538793103448276 0.145149004161712
0.544181034482759 0.544181034482759 0.148066499145363
0.549568965517242 0.549568965517242 0.151013023929846
0.554956896551724 0.554956896551724 0.153988578515161
0.560344827586207 0.560344827586207 0.156993162901308
0.56573275862069 0.56573275862069 0.160026777088288
0.571120689655173 0.571120689655173 0.1630894210761
0.576508620689655 0.576508620689655 0.166181094864745
0.581896551724138 0.581896551724138 0.169301798454221
0.587284482758621 0.587284482758621 0.17245153184453
0.592672413793104 0.592672413793104 0.175630295035672
0.598060344827587 0.598060344827587 0.178838088027646
0.603448275862069 0.603448275862069 0.182074910820452
0.608836206896552 0.608836206896552 0.185340763414091
0.614224137931035 0.614224137931035 0.188635645808561
0.619612068965518 0.619612068965518 0.191959558003865
0.625 0.625 0.1953125
0.630387931034483 0.630387931034483 0.198694471796968
0.635775862068966 0.635775862068966 0.202105473394768
0.641163793103449 0.641163793103449 0.205545504793401
0.646551724137931 0.646551724137931 0.209014565992866
0.651939655172414 0.651939655172414 0.212512656993163
0.657327586206897 0.657327586206897 0.216039777794293
0.66271551724138 0.66271551724138 0.219595928396255
0.668103448275862 0.668103448275862 0.223181108799049
0.673491379310345 0.673491379310345 0.226795319002676
0.678879310344828 0.678879310344828 0.230438559007135
0.684267241379311 0.684267241379311 0.234110828812426
0.689655172413793 0.689655172413793 0.23781212841855
0.695043103448276 0.695043103448276 0.241542457825506
0.700431034482759 0.700431034482759 0.245301817033294
0.705818965517242 0.705818965517242 0.249090206041915
0.711206896551725 0.711206896551725 0.252907624851368
0.716594827586207 0.716594827586207 0.256754073461653
0.72198275862069 0.72198275862069 0.260629551872771
0.727370689655173 0.727370689655173 0.264534060084721
0.732758620689656 0.732758620689656 0.268467598097503
0.738146551724138 0.738146551724138 0.272430165911118
0.743534482758621 0.743534482758621 0.276421763525565
0.748922413793104 0.748922413793104 0.280442390940845
0.754310344827587 0.754310344827587 0.284492048156956
0.759698275862069 0.759698275862069 0.2885707351739
0.765086206896552 0.765086206896552 0.292678451991677
0.770474137931035 0.770474137931035 0.296815198610286
0.775862068965518 0.775862068965518 0.300980975029727
0.78125 0.78125 0.30517578125
0.786637931034483 0.786637931034483 0.309399617271106
0.792025862068966 0.792025862068966 0.313652483093044
0.797413793103449 0.797413793103449 0.317934378715815
0.802801724137931 0.802801724137931 0.322245304139418
0.808189655172414 0.808189655172414 0.326585259363853
0.813577586206897 0.813577586206897 0.33095424438912
0.81896551724138 0.81896551724138 0.33535225921522
0.824353448275863 0.824353448275863 0.339779303842153
0.829741379310345 0.829741379310345 0.344235378269917
0.835129310344828 0.835129310344828 0.348720482498514
0.840517241379311 0.840517241379311 0.353234616527943
0.845905172413794 0.845905172413794 0.357777780358205
0.851293103448276 0.851293103448276 0.362349973989299
0.856681034482759 0.856681034482759 0.366951197421225
0.862068965517242 0.862068965517242 0.371581450653984
0.867456896551725 0.867456896551725 0.376240733687575
0.872844827586207 0.872844827586207 0.380929046521998
0.87823275862069 0.87823275862069 0.385646389157254
0.883620689655173 0.883620689655173 0.390392761593342
0.889008620689656 0.889008620689656 0.395168163830262
0.894396551724138 0.894396551724138 0.399972595868015
0.899784482758621 0.899784482758621 0.4048060577066
0.905172413793104 0.905172413793104 0.409668549346017
0.910560344827587 0.910560344827587 0.414560070786267
0.91594827586207 0.91594827586207 0.419480622027349
0.921336206896552 0.921336206896552 0.424430203069263
0.926724137931035 0.926724137931035 0.42940881391201
0.932112068965518 0.932112068965518 0.434416454555589
0.937500000000001 0.937500000000001 0.439453125
0.942887931034483 0.942887931034483 0.444518825245244
0.948275862068966 0.948275862068966 0.44961355529132
0.953663793103449 0.953663793103449 0.454737315138229
0.959051724137932 0.959051724137932 0.45989010478597
0.964439655172414 0.964439655172414 0.465071924234543
0.969827586206897 0.969827586206897 0.470282773483948
0.97521551724138 0.97521551724138 0.475522652534186
0.980603448275863 0.980603448275863 0.480791561385256
0.985991379310345 0.985991379310345 0.486089500037159
0.991379310344828 0.991379310344828 0.491416468489894
0.996767241379311 0.996767241379311 0.496772466743461
1.00215517241379 1.00215517241379 0.50215749479786
1.00754310344828 1.00754310344828 0.507571552653092
1.01293103448276 1.01293103448276 0.513014640309156
1.01831896551724 1.01831896551724 0.518486757766052
1.02370689655172 1.02370689655172 0.523987905023781
1.02909482758621 1.02909482758621 0.529518082082342
1.03448275862069 1.03448275862069 0.535077288941736
1.03987068965517 1.03987068965517 0.540665525601962
1.04525862068965 1.04525862068965 0.54628279206302
1.05064655172414 1.05064655172414 0.55192908832491
1.05603448275862 1.05603448275862 0.557604414387633
1.0614224137931 1.0614224137931 0.563308770251188
1.06681034482759 1.06681034482759 0.569042155915576
1.07219827586207 1.07219827586207 0.574804571380796
1.07758620689655 1.07758620689655 0.580596016646848
1.08297413793103 1.08297413793103 0.586416491713732
1.08836206896552 1.08836206896552 0.592265996581449
1.09375 1.09375 0.598144531249999
1.09913793103448 1.09913793103448 0.60405209571938
1.10452586206896 1.10452586206896 0.609988689989594
1.10991379310345 1.10991379310345 0.61595431406064
1.11530172413793 1.11530172413793 0.621948967932519
1.12068965517241 1.12068965517241 0.62797265160523
1.12607758620689 1.12607758620689 0.634025365078773
1.13146551724138 1.13146551724138 0.640107108353149
1.13685344827586 1.13685344827586 0.646217881428357
1.14224137931034 1.14224137931034 0.652357684304397
1.14762931034483 1.14762931034483 0.65852651698127
1.15301724137931 1.15301724137931 0.664724379458975
1.15840517241379 1.15840517241379 0.670951271737512
1.16379310344827 1.16379310344827 0.677207193816882
1.16918103448276 1.16918103448276 0.683492145697083
1.17456896551724 1.17456896551724 0.689806127378118
1.17995689655172 1.17995689655172 0.696149138859985
1.1853448275862 1.1853448275862 0.702521180142684
1.19073275862069 1.19073275862069 0.708922251226215
1.19612068965517 1.19612068965517 0.715352352110579
1.20150862068965 1.20150862068965 0.721811482795775
1.20689655172413 1.20689655172413 0.728299643281803
1.21228448275862 1.21228448275862 0.734816833568664
1.2176724137931 1.2176724137931 0.741363053656357
1.22306034482758 1.22306034482758 0.747938303544882
1.22844827586206 1.22844827586206 0.75454258323424
1.23383620689655 1.23383620689655 0.76117589272443
1.23922413793103 1.23922413793103 0.767838232015453
1.24461206896551 1.24461206896551 0.774529601107307
1.25 1.25 0.781249999999994
1.25538793103448 1.25538793103448 0.787999428693514
1.26077586206896 1.26077586206896 0.794777887187866
1.26616379310344 1.26616379310344 0.80158537548305
1.27155172413793 1.27155172413793 0.808421893579066
1.27693965517241 1.27693965517241 0.815287441475915
1.28232758620689 1.28232758620689 0.822182019173596
1.28771551724137 1.28771551724137 0.82910562667211
1.29310344827586 1.29310344827586 0.836058263971456
1.29849137931034 1.29849137931034 0.843039931071634
1.30387931034482 1.30387931034482 0.850050627972645
1.3092672413793 1.3092672413793 0.857090354674487
1.31465517241379 1.31465517241379 0.864159111177162
1.32004310344827 1.32004310344827 0.87125689748067
1.32543103448275 1.32543103448275 0.87838371358501
1.33081896551724 1.33081896551724 0.885539559490182
1.33620689655172 1.33620689655172 0.892724435196187
1.3415948275862 1.3415948275862 0.899938340703024
1.34698275862068 1.34698275862068 0.907181276010693
1.35237068965517 1.35237068965517 0.914453241119195
1.35775862068965 1.35775862068965 0.921754236028528
1.36314655172413 1.36314655172413 0.929084260738695
1.36853448275861 1.36853448275861 0.936443315249693
1.3739224137931 1.3739224137931 0.943831399561524
1.37931034482758 1.37931034482758 0.951248513674188
1.38469827586206 1.38469827586206 0.958694657587683
1.39008620689654 1.39008620689654 0.966169831302011
1.39547413793103 1.39547413793103 0.973674034817172
1.40086206896551 1.40086206896551 0.981207268133164
1.40624999999999 1.40624999999999 0.988769531249989
1.41163793103448 1.41163793103448 0.996360824167647
1.41702586206896 1.41702586206896 1.00398114688614
1.42241379310344 1.42241379310344 1.01163049940546
1.42780172413792 1.42780172413792 1.01930888172561
1.43318965517241 1.43318965517241 1.0270162938466
1.43857758620689 1.43857758620689 1.03475273576842
1.44396551724137 1.44396551724137 1.04251820749107
1.44935344827585 1.44935344827585 1.05031270901455
1.45474137931034 1.45474137931034 1.05813624033887
1.46012931034482 1.46012931034482 1.06598880146402
1.4655172413793 1.4655172413793 1.07387039239
1.47090517241378 1.47090517241378 1.08178101311681
1.47629310344827 1.47629310344827 1.08972066364446
1.48168103448275 1.48168103448275 1.09768934397294
1.48706896551723 1.48706896551723 1.10568705410225
1.49245689655171 1.49245689655171 1.11371379403239
1.4978448275862 1.4978448275862 1.12176956376336
1.50323275862068 1.50323275862068 1.12985436329517
1.50862068965516 1.50862068965516 1.13796819262781
1.51400862068965 1.51400862068965 1.14611105176128
1.51939655172413 1.51939655172413 1.15428294069559
1.52478448275861 1.52478448275861 1.16248385943072
1.53017241379309 1.53017241379309 1.17071380796669
1.53556034482758 1.53556034482758 1.17897278630349
1.54094827586206 1.54094827586206 1.18726079444113
1.54633620689654 1.54633620689654 1.19557783237959
1.55172413793102 1.55172413793102 1.20392390011889
1.55711206896551 1.55711206896551 1.21229899765902
1.56249999999999 1.56249999999999 1.22070312499998
1.56788793103447 1.56788793103447 1.22913628214178
1.57327586206895 1.57327586206895 1.23759846908441
1.57866379310344 1.57866379310344 1.24608968582787
1.58405172413792 1.58405172413792 1.25460993237216
1.5894396551724 1.5894396551724 1.26315920871728
1.59482758620689 1.59482758620689 1.27173751486324
1.60021551724137 1.60021551724137 1.28034485081003
1.60560344827585 1.60560344827585 1.28898121655765
1.61099137931033 1.61099137931033 1.2976466121061
1.61637931034482 1.61637931034482 1.30634103745539
1.6217672413793 1.6217672413793 1.31506449260551
1.62715517241378 1.62715517241378 1.32381697755646
1.63254310344826 1.63254310344826 1.33259849230824
1.63793103448275 1.63793103448275 1.34140903686086
1.64331896551723 1.64331896551723 1.35024861121431
1.64870689655171 1.64870689655171 1.35911721536859
1.65409482758619 1.65409482758619 1.3680148493237
1.65948275862068 1.65948275862068 1.37694151307965
1.66487068965516 1.66487068965516 1.38589720663642
1.67025862068964 1.67025862068964 1.39488192999403
1.67564655172413 1.67564655172413 1.40389568315248
1.68103448275861 1.68103448275861 1.41293846611175
1.68642241379309 1.68642241379309 1.42201027887186
1.69181034482757 1.69181034482757 1.4311111214328
1.69719827586206 1.69719827586206 1.44024099379457
1.70258620689654 1.70258620689654 1.44939989595717
1.70797413793102 1.70797413793102 1.45858782792061
1.7133620689655 1.7133620689655 1.46780478968488
1.71874999999999 1.71874999999999 1.47705078124998
1.72413793103447 1.72413793103447 1.48632580261591
1.72952586206895 1.72952586206895 1.49562985378267
1.73491379310343 1.73491379310343 1.50496293475027
1.74030172413792 1.74030172413792 1.5143250455187
1.7456896551724 1.7456896551724 1.52371618608797
1.75107758620688 1.75107758620688 1.53313635645806
1.75646551724136 1.75646551724136 1.54258555662899
1.76185344827585 1.76185344827585 1.55206378660075
1.76724137931033 1.76724137931033 1.56157104637334
1.77262931034481 1.77262931034481 1.57110733594676
1.7780172413793 1.7780172413793 1.58067265532102
1.78340517241378 1.78340517241378 1.59026700449611
1.78879310344826 1.78879310344826 1.59989038347203
1.79418103448274 1.79418103448274 1.60954279224878
1.79956896551723 1.79956896551723 1.61922423082637
1.80495689655171 1.80495689655171 1.62893469920479
1.81034482758619 1.81034482758619 1.63867419738404
1.81573275862067 1.81573275862067 1.64844272536412
1.82112068965516 1.82112068965516 1.65824028314504
1.82650862068964 1.82650862068964 1.66806687072678
1.83189655172412 1.83189655172412 1.67792248810936
1.8372844827586 1.8372844827586 1.68780713529278
1.84267241379309 1.84267241379309 1.69772081227702
1.84806034482757 1.84806034482757 1.7076635190621
1.85344827586205 1.85344827586205 1.71763525564801
1.85883620689654 1.85883620689654 1.72763602203475
1.86422413793102 1.86422413793102 1.73766581822232
1.8696120689655 1.8696120689655 1.74772464421073
1.87499999999998 1.87499999999998 1.75781249999997
1.88038793103447 1.88038793103447 1.76792938559004
1.88577586206895 1.88577586206895 1.77807530098094
1.89116379310343 1.89116379310343 1.78825024617268
1.89655172413791 1.89655172413791 1.79845422116525
1.9019396551724 1.9019396551724 1.80868722595865
1.90732758620688 1.90732758620688 1.81894926055288
1.91271551724136 1.91271551724136 1.82924032494794
1.91810344827584 1.91810344827584 1.83956041914384
1.92349137931033 1.92349137931033 1.84990954314057
1.92887931034481 1.92887931034481 1.86028769693813
1.93426724137929 1.93426724137929 1.87069488053653
1.93965517241377 1.93965517241377 1.88113109393576
1.94504310344826 1.94504310344826 1.89159633713581
1.95043103448274 1.95043103448274 1.90209061013671
1.95581896551722 1.95581896551722 1.91261391293843
1.96120689655171 1.96120689655171 1.92316624554099
1.96659482758619 1.96659482758619 1.93374760794437
1.97198275862067 1.97198275862067 1.9443580001486
1.97737068965515 1.97737068965515 1.95499742215365
1.98275862068964 1.98275862068964 1.96566587395953
1.98814655172412 1.98814655172412 1.97636335556625
1.9935344827586 1.9935344827586 1.9870898669738
1.99892241379308 1.99892241379308 1.99784540818218
2.00431034482757 2.00431034482757 2.0086299791914
2.00969827586205 2.00969827586205 2.01944358000145
2.01508620689653 2.01508620689653 2.03028621061233
2.02047413793101 2.02047413793101 2.04115787102404
2.0258620689655 2.0258620689655 2.05205856123658
2.03124999999998 2.03124999999998 2.06298828124996
2.03663793103446 2.03663793103446 2.07394703106417
2.04202586206895 2.04202586206895 2.08493481067921
2.04741379310343 2.04741379310343 2.09595162009508
2.05280172413791 2.05280172413791 2.10699745931179
2.05818965517239 2.05818965517239 2.11807232832933
2.06357758620688 2.06357758620688 2.1291762271477
2.06896551724136 2.06896551724136 2.1403091557669
2.07435344827584 2.07435344827584 2.15147111418694
2.07974137931032 2.07974137931032 2.1626621024078
2.08512931034481 2.08512931034481 2.1738821204295
2.09051724137929 2.09051724137929 2.18513116825204
2.09590517241377 2.09590517241377 2.1964092458754
2.10129310344825 2.10129310344825 2.2077163532996
2.10668103448274 2.10668103448274 2.21905249052463
2.11206896551722 2.11206896551722 2.23041765755049
2.1174568965517 2.1174568965517 2.24181185437718
2.12284482758619 2.12284482758619 2.25323508100471
2.12823275862067 2.12823275862067 2.26468733743307
2.13362068965515 2.13362068965515 2.27616862366226
2.13900862068963 2.13900862068963 2.28767893969228
2.14439655172412 2.14439655172412 2.29921828552314
2.1497844827586 2.1497844827586 2.31078666115483
2.15517241379308 2.15517241379308 2.32238406658735
2.16056034482756 2.16056034482756 2.3340105018207
2.16594827586205 2.16594827586205 2.34566596685489
2.17133620689653 2.17133620689653 2.3573504616899
2.17672413793101 2.17672413793101 2.36906398632575
2.18211206896549 2.18211206896549 2.38080654076244
2.18749999999998 2.18749999999998 2.39257812499995
2.19288793103446 2.19288793103446 2.4043787390383
2.19827586206894 2.19827586206894 2.41620838287748
2.20366379310342 2.20366379310342 2.42806705651749
2.20905172413791 2.20905172413791 2.43995475995833
2.21443965517239 2.21443965517239 2.45187149320001
2.21982758620687 2.21982758620687 2.46381725624252
2.22521551724136 2.22521551724136 2.47579204908586
2.23060344827584 2.23060344827584 2.48779587173003
2.23599137931032 2.23599137931032 2.49982872417504
2.2413793103448 2.2413793103448 2.51189060642087
2.24676724137929 2.24676724137929 2.52398151846754
2.25215517241377 2.25215517241377 2.53610146031505
2.25754310344825 2.25754310344825 2.54825043196338
2.26293103448273 2.26293103448273 2.56042843341255
2.26831896551722 2.26831896551722 2.57263546466255
2.2737068965517 2.2737068965517 2.58487152571338
2.27909482758618 2.27909482758618 2.59713661656504
2.28448275862066 2.28448275862066 2.60943073721754
2.28987068965515 2.28987068965515 2.62175388767087
2.29525862068963 2.29525862068963 2.63410606792503
2.30064655172411 2.30064655172411 2.64648727798003
2.3060344827586 2.3060344827586 2.65889751783585
2.31142241379308 2.31142241379308 2.67133678749251
2.31681034482756 2.31681034482756 2.68380508695
2.32219827586204 2.32219827586204 2.69630241620832
2.32758620689653 2.32758620689653 2.70882877526748
2.33297413793101 2.33297413793101 2.72138416412747
2.33836206896549 2.33836206896549 2.73396858278829
2.34374999999997 2.34374999999997 2.74658203124994
2.34913793103446 2.34913793103446 2.75922450951242
2.35452586206894 2.35452586206894 2.77189601757574
2.35991379310342 2.35991379310342 2.78459655543989
2.3653017241379 2.3653017241379 2.79732612310487
2.37068965517239 2.37068965517239 2.81008472057069
2.37607758620687 2.37607758620687 2.82287234783733
2.38146551724135 2.38146551724135 2.83568900490481
2.38685344827584 2.38685344827584 2.84853469177312
2.39224137931032 2.39224137931032 2.86140940844227
2.3976293103448 2.3976293103448 2.87431315491224
2.40301724137928 2.40301724137928 2.88724593118305
2.40840517241377 2.40840517241377 2.90020773725469
2.41379310344825 2.41379310344825 2.91319857312716
2.41918103448273 2.41918103448273 2.92621843880047
2.42456896551721 2.42456896551721 2.93926733427461
2.4299568965517 2.4299568965517 2.95234525954958
2.43534482758618 2.43534482758618 2.96545221462538
2.44073275862066 2.44073275862066 2.97858819950201
2.44612068965514 2.44612068965514 2.99175321417948
2.45150862068963 2.45150862068963 3.00494725865778
2.45689655172411 2.45689655172411 3.01817033293691
2.46228448275859 2.46228448275859 3.03142243701687
2.46767241379307 2.46767241379307 3.04470357089767
2.47306034482756 2.47306034482756 3.0580137345793
2.47844827586204 2.47844827586204 3.07135292806176
2.48383620689652 2.48383620689652 3.08472115134505
2.48922413793101 2.48922413793101 3.09811840442918
2.49461206896549 2.49461206896549 3.11154468731414
2.49999999999997 2.49999999999997 3.12499999999993
2.50538793103445 2.50538793103445 3.13848434248655
2.51077586206894 2.51077586206894 3.151997714774
2.51616379310342 2.51616379310342 3.16554011686229
2.5215517241379 2.5215517241379 3.17911154875141
2.52693965517238 2.52693965517238 3.19271201044136
2.53232758620687 2.53232758620687 3.20634150193215
2.53771551724135 2.53771551724135 3.22000002322376
2.54310344827583 2.54310344827583 3.23368757431621
2.54849137931031 2.54849137931031 3.24740415520949
2.5538793103448 2.5538793103448 3.26114976590361
2.55926724137928 2.55926724137928 3.27492440639855
2.56465517241376 2.56465517241376 3.28872807669433
2.57004310344825 2.57004310344825 3.30256077679094
2.57543103448273 2.57543103448273 3.31642250668839
2.58081896551721 2.58081896551721 3.33031326638666
2.58620689655169 2.58620689655169 3.34423305588577
2.59159482758618 2.59159482758618 3.35818187518571
2.59698275862066 2.59698275862066 3.37215972428648
2.60237068965514 2.60237068965514 3.38616660318809
2.60775862068962 2.60775862068962 3.40020251189052
2.61314655172411 2.61314655172411 3.41426745039379
2.61853448275859 2.61853448275859 3.4283614186979
2.62392241379307 2.62392241379307 3.44248441680283
2.62931034482755 2.62931034482755 3.4566364447086
2.63469827586204 2.63469827586204 3.4708175024152
2.64008620689652 2.64008620689652 3.48502758992263
2.645474137931 2.645474137931 3.49926670723089
2.65086206896548 2.65086206896548 3.51353485433999
2.65624999999997 2.65624999999997 3.52783203124991
2.66163793103445 2.66163793103445 3.54215823796067
2.66702586206893 2.66702586206893 3.55651347447227
2.67241379310342 2.67241379310342 3.57089774078469
2.6778017241379 2.6778017241379 3.58531103689795
2.68318965517238 2.68318965517238 3.59975336281204
2.68857758620686 2.68857758620686 3.61422471852696
2.69396551724135 2.69396551724135 3.62872510404272
2.69935344827583 2.69935344827583 3.6432545193593
2.70474137931031 2.70474137931031 3.65781296447672
2.71012931034479 2.71012931034479 3.67240043939498
2.71551724137928 2.71551724137928 3.68701694411406
2.72090517241376 2.72090517241376 3.70166247863398
2.72629310344824 2.72629310344824 3.71633704295472
2.73168103448272 2.73168103448272 3.7310406370763
2.73706896551721 2.73706896551721 3.74577326099872
2.74245689655169 2.74245689655169 3.76053491472196
2.74784482758617 2.74784482758617 3.77532559824604
2.75323275862066 2.75323275862066 3.79014531157095
2.75862068965514 2.75862068965514 3.80499405469669
2.76400862068962 2.76400862068962 3.81987182762327
2.7693965517241 2.7693965517241 3.83477863035068
2.77478448275859 2.77478448275859 3.84971446287892
2.78017241379307 2.78017241379307 3.86467932520799
2.78556034482755 2.78556034482755 3.87967321733789
2.79094827586203 2.79094827586203 3.89469613926863
2.79633620689652 2.79633620689652 3.9097480910002
2.801724137931 2.801724137931 3.9248290725326
2.80711206896548 2.80711206896548 3.93993908386583
2.81249999999996 2.81249999999996 3.9550781249999
2.81788793103445 2.81788793103445 3.9702461959348
2.82327586206893 2.82327586206893 3.98544329667053
2.82866379310341 2.82866379310341 4.00066942720709
2.8340517241379 2.8340517241379 4.01592458754449
2.83943965517238 2.83943965517238 4.03120877768272
2.84482758620686 2.84482758620686 4.04652199762178
2.85021551724134 2.85021551724134 4.06186424736167
2.85560344827583 2.85560344827583 4.07723552690239
2.86099137931031 2.86099137931031 4.09263583624395
2.86637931034479 2.86637931034479 4.10806517538634
2.87176724137927 2.87176724137927 4.12352354432956
2.87715517241376 2.87715517241376 4.13901094307362
2.88254310344824 2.88254310344824 4.1545273716185
2.88793103448272 2.88793103448272 4.17007282996422
2.8933189655172 2.8933189655172 4.18564731811077
2.89870689655169 2.89870689655169 4.20125083605816
2.90409482758617 2.90409482758617 4.21688338380637
2.90948275862065 2.90948275862065 4.23254496135542
2.91487068965513 2.91487068965513 4.2482355687053
2.92025862068962 2.92025862068962 4.26395520585601
2.9256465517241 2.9256465517241 4.27970387280756
2.93103448275858 2.93103448275858 4.29548156955994
2.93642241379307 2.93642241379307 4.31128829611315
2.94181034482755 2.94181034482755 4.32712405246719
2.94719827586203 2.94719827586203 4.34298883862206
2.95258620689651 2.95258620689651 4.35888265457777
2.957974137931 2.957974137931 4.37480550033431
2.96336206896548 2.96336206896548 4.39075737589168
2.96874999999996 2.96874999999996 4.40673828124989
2.97413793103444 2.97413793103444 4.42274821640892
2.97952586206893 2.97952586206893 4.43878718136879
2.98491379310341 2.98491379310341 4.45485517612949
2.99030172413789 2.99030172413789 4.47095220069103
2.99568965517237 2.99568965517237 4.48707825505339
3.00107758620686 3.00107758620686 4.50323333921659
3.00646551724134 3.00646551724134 4.51941745318062
3.01185344827582 3.01185344827582 4.53563059694548
3.01724137931031 3.01724137931031 4.55187277051118
3.02262931034479 3.02262931034479 4.5681439738777
3.02801724137927 3.02801724137927 4.58444420704506
3.03340517241375 3.03340517241375 4.60077347001326
3.03879310344824 3.03879310344824 4.61713176278228
3.04418103448272 3.04418103448272 4.63351908535214
3.0495689655172 3.0495689655172 4.64993543772283
3.05495689655168 3.05495689655168 4.66638081989435
3.06034482758617 3.06034482758617 4.6828552318667
3.06573275862065 3.06573275862065 4.69935867363989
3.07112068965513 3.07112068965513 4.71589114521391
3.07650862068961 3.07650862068961 4.73245264658876
3.0818965517241 3.0818965517241 4.74904317776444
3.08728448275858 3.08728448275858 4.76566273874096
3.09267241379306 3.09267241379306 4.7823113295183
3.09806034482754 3.09806034482754 4.79898895009648
3.10344827586203 3.10344827586203 4.8156956004755
3.10883620689651 3.10883620689651 4.83243128065534
3.11422413793099 3.11422413793099 4.84919599063602
3.11961206896548 3.11961206896548 4.86598973041753
3.12499999999996 3.12499999999996 4.88281249999987
3.13038793103444 3.13038793103444 4.89966429938304
3.13577586206892 3.13577586206892 4.91654512856705
3.14116379310341 3.14116379310341 4.93345498755189
3.14655172413789 3.14655172413789 4.95039387633756
3.15193965517237 3.15193965517237 4.96736179492406
3.15732758620685 3.15732758620685 4.9843587433114
3.16271551724134 3.16271551724134 5.00138472149957
3.16810344827582 3.16810344827582 5.01843972948857
3.1734913793103 3.1734913793103 5.0355237672784
3.17887931034478 3.17887931034478 5.05263683486907
3.18426724137927 3.18426724137927 5.06977893226057
3.18965517241375 3.18965517241375 5.0869500594529
3.19504310344823 3.19504310344823 5.10415021644606
3.20043103448272 3.20043103448272 5.12137940324005
3.2058189655172 3.2058189655172 5.13863761983488
3.21120689655168 3.21120689655168 5.15592486623054
3.21659482758616 3.21659482758616 5.17324114242703
3.22198275862065 3.22198275862065 5.19058644842436
3.22737068965513 3.22737068965513 5.20796078422251
3.23275862068961 3.23275862068961 5.2253641498215
3.23814655172409 3.23814655172409 5.24279654522132
3.24353448275858 3.24353448275858 5.26025797042197
3.24892241379306 3.24892241379306 5.27774842542346
3.25431034482754 3.25431034482754 5.29526791022578
3.25969827586202 3.25969827586202 5.31281642482893
3.26508620689651 3.26508620689651 5.33039396923291
3.27047413793099 3.27047413793099 5.34800054343773
3.27586206896547 3.27586206896547 5.36563614744337
3.28124999999996 3.28124999999996 5.38330078124985
3.28663793103444 3.28663793103444 5.40099444485717
3.29202586206892 3.29202586206892 5.41871713826531
3.2974137931034 3.2974137931034 5.43646886147429
3.30280172413789 3.30280172413789 5.4542496144841
3.30818965517237 3.30818965517237 5.47205939729474
3.31357758620685 3.31357758620685 5.48989820990621
3.31896551724133 3.31896551724133 5.50776605231852
3.32435344827582 3.32435344827582 5.52566292453166
3.3297413793103 3.3297413793103 5.54358882654563
3.33512931034478 3.33512931034478 5.56154375836043
3.34051724137926 3.34051724137926 5.57952771997607
3.34590517241375 3.34590517241375 5.59754071139253
3.35129310344823 3.35129310344823 5.61558273260983
3.35668103448271 3.35668103448271 5.63365378362797
3.36206896551719 3.36206896551719 5.65175386444693
3.36745689655168 3.36745689655168 5.66988297506673
3.37284482758616 3.37284482758616 5.68804111548736
3.37823275862064 3.37823275862064 5.70622828570882
3.38362068965513 3.38362068965513 5.72444448573111
3.38900862068961 3.38900862068961 5.74268971555424
3.39439655172409 3.39439655172409 5.7609639751782
3.39978448275857 3.39978448275857 5.77926726460299
3.40517241379306 3.40517241379306 5.79759958382861
3.41056034482754 3.41056034482754 5.81596093285507
3.41594827586202 3.41594827586202 5.83435131168236
3.4213362068965 3.4213362068965 5.85277072031048
3.42672413793099 3.42672413793099 5.87121915873943
3.43211206896547 3.43211206896547 5.88969662696922
3.43749999999995 3.43749999999995 5.90820312499984
3.44288793103443 3.44288793103443 5.92673865283129
3.44827586206892 3.44827586206892 5.94530321046357
3.4536637931034 3.4536637931034 5.96389679789668
3.45905172413788 3.45905172413788 5.98251941513063
3.46443965517237 3.46443965517237 6.00117106216541
3.46982758620685 3.46982758620685 6.01985173900102
3.47521551724133 3.47521551724133 6.03856144563747
3.48060344827581 3.48060344827581 6.05730018207474
3.4859913793103 3.4859913793103 6.07606794831285
3.49137931034478 3.49137931034478 6.09486474435179
3.49676724137926 3.49676724137926 6.11369057019157
3.50215517241374 3.50215517241374 6.13254542583217
3.50754310344823 3.50754310344823 6.15142931127361
3.51293103448271 3.51293103448271 6.17034222651588
3.51831896551719 3.51831896551719 6.18928417155898
3.52370689655167 3.52370689655167 6.20825514640292
3.52909482758616 3.52909482758616 6.22725515104769
3.53448275862064 3.53448275862064 6.24628418549328
3.53987068965512 3.53987068965512 6.26534224973972
3.54525862068961 3.54525862068961 6.28442934378698
3.55064655172409 3.55064655172409 6.30354546763508
3.55603448275857 3.55603448275857 6.32269062128401
3.56142241379305 3.56142241379305 6.34186480473377
3.56681034482754 3.56681034482754 6.36106801798436
3.57219827586202 3.57219827586202 6.38030026103579
3.5775862068965 3.5775862068965 6.39956153388805
3.58297413793098 3.58297413793098 6.41885183654114
3.58836206896547 3.58836206896547 6.43817116899506
3.59374999999995 3.59374999999995 6.45751953124982
3.59913793103443 3.59913793103443 6.47689692330541
3.60452586206891 3.60452586206891 6.49630334516183
3.6099137931034 3.6099137931034 6.51573879681908
3.61530172413788 3.61530172413788 6.53520327827716
3.62068965517236 3.62068965517236 6.55469678953608
3.62607758620684 3.62607758620684 6.57421933059583
3.63146551724133 3.63146551724133 6.59377090145641
3.63685344827581 3.63685344827581 6.61335150211783
3.64224137931029 3.64224137931029 6.63296113258007
3.64762931034478 3.64762931034478 6.65259979284315
3.65301724137926 3.65301724137926 6.67226748290706
3.65840517241374 3.65840517241374 6.69196420277181
3.66379310344822 3.66379310344822 6.71168995243738
3.66918103448271 3.66918103448271 6.73144473190379
3.67456896551719 3.67456896551719 6.75122854117103
3.67995689655167 3.67995689655167 6.77104138023911
3.68534482758615 3.68534482758615 6.79088324910801
3.69073275862064 3.69073275862064 6.81075414777775
3.69612068965512 3.69612068965512 6.83065407624832
3.7015086206896 3.7015086206896 6.85058303451972
3.70689655172408 3.70689655172408 6.87054102259196
3.71228448275857 3.71228448275857 6.89052804046502
3.71767241379305 3.71767241379305 6.91054408813892
3.72306034482753 3.72306034482753 6.93058916561365
3.72844827586202 3.72844827586202 6.95066327288922
3.7338362068965 3.7338362068965 6.97076640996561
3.73922413793098 3.73922413793098 6.99089857684284
3.74461206896546 3.74461206896546 7.0110597735209
3.74999999999995 3.74999999999995 7.0312499999998
3.75538793103443 3.75538793103443 7.05146925627952
3.76077586206891 3.76077586206891 7.07171754236008
3.76616379310339 3.76616379310339 7.09199485824147
3.77155172413788 3.77155172413788 7.1123012039237
3.77693965517236 3.77693965517236 7.13263657940675
3.78232758620684 3.78232758620684 7.15300098469064
3.78771551724132 3.78771551724132 7.17339441977536
3.79310344827581 3.79310344827581 7.19381688466091
3.79849137931029 3.79849137931029 7.21426837934729
3.80387931034477 3.80387931034477 7.23474890383451
3.80926724137925 3.80926724137925 7.25525845812256
3.81465517241374 3.81465517241374 7.27579704221144
3.82004310344822 3.82004310344822 7.29636465610116
3.8254310344827 3.8254310344827 7.3169612997917
3.83081896551719 3.83081896551719 7.33758697328308
3.83620689655167 3.83620689655167 7.35824167657529
3.84159482758615 3.84159482758615 7.37892540966833
3.84698275862063 3.84698275862063 7.39963817256221
3.85237068965512 3.85237068965512 7.42037996525692
3.8577586206896 3.8577586206896 7.44115078775246
3.86314655172408 3.86314655172408 7.46195064004883
3.86853448275856 3.86853448275856 7.48277952214604
3.87392241379305 3.87392241379305 7.50363743404407
3.87931034482753 3.87931034482753 7.52452437574294
3.88469827586201 3.88469827586201 7.54544034724265
3.89008620689649 3.89008620689649 7.56638534854318
3.89547413793098 3.89547413793098 7.58735937964455
3.90086206896546 3.90086206896546 7.60836244054675
3.90624999999994 3.90624999999994 7.62939453124978
3.91163793103443 3.91163793103443 7.65045565175364
3.91702586206891 3.91702586206891 7.67154580205834
3.92241379310339 3.92241379310339 7.69266498216387
3.92780172413787 3.92780172413787 7.71381319207023
3.93318965517236 3.93318965517236 7.73499043177742
3.93857758620684 3.93857758620684 7.75619670128544
3.94396551724132 3.94396551724132 7.7774320005943
3.9493534482758 3.9493534482758 7.79869632970399
3.95474137931029 3.95474137931029 7.81998968861451
3.96012931034477 3.96012931034477 7.84131207732587
3.96551724137925 3.96551724137925 7.86266349583806
3.97090517241373 3.97090517241373 7.88404394415108
3.97629310344822 3.97629310344822 7.90545342226493
3.9816810344827 3.9816810344827 7.92689193017961
3.98706896551718 3.98706896551718 7.94835946789513
3.99245689655167 3.99245689655167 7.96985603541148
3.99784482758615 3.99784482758615 7.99138163272866
4.00323275862063 4.00323275862063 8.01293625984667
4.00862068965511 4.00862068965511 8.03451991676552
4.0140086206896 4.0140086206896 8.0561326034852
4.01939655172408 4.01939655172408 8.07777432000571
4.02478448275856 4.02478448275856 8.09944506632706
4.03017241379305 4.03017241379305 8.12114484244923
4.03556034482753 4.03556034482753 8.14287364837224
4.04094827586201 4.04094827586201 8.16463148409609
4.0463362068965 4.0463362068965 8.18641834962076
4.05172413793098 4.05172413793098 8.20823424494627
4.05711206896546 4.05711206896546 8.23007917007261
4.06249999999994 4.06249999999994 8.25195312499978
4.06788793103443 4.06788793103443 8.27385610972778
4.07327586206891 4.07327586206891 8.29578812425662
4.07866379310339 4.07866379310339 8.31774916858629
4.08405172413788 4.08405172413788 8.33973924271679
4.08943965517236 4.08943965517236 8.36175834664812
4.09482758620684 4.09482758620684 8.38380648038028
4.10021551724133 4.10021551724133 8.40588364391328
4.10560344827581 4.10560344827581 8.42798983724711
4.11099137931029 4.11099137931029 8.45012506038177
4.11637931034478 4.11637931034478 8.47228931331727
4.12176724137926 4.12176724137926 8.49448259605359
4.12715517241374 4.12715517241374 8.51670490859075
4.13254310344823 4.13254310344823 8.53895625092875
4.13793103448271 4.13793103448271 8.56123662306757
4.14331896551719 4.14331896551719 8.58354602500722
4.14870689655167 4.14870689655167 8.60588445674771
4.15409482758616 4.15409482758616 8.62825191828903
4.15948275862064 4.15948275862064 8.65064840963119
4.16487068965512 4.16487068965512 8.67307393077417
4.17025862068961 4.17025862068961 8.69552848171799
4.17564655172409 4.17564655172409 8.71801206246264
4.18103448275857 4.18103448275857 8.74052467300812
4.18642241379306 4.18642241379306 8.76306631335444
4.19181034482754 4.19181034482754 8.78563698350159
4.19719827586202 4.19719827586202 8.80823668344957
4.20258620689651 4.20258620689651 8.83086541319838
4.20797413793099 4.20797413793099 8.85352317274802
4.21336206896547 4.21336206896547 8.8762099620985
4.21874999999995 4.21874999999995 8.89892578124981
4.22413793103444 4.22413793103444 8.92167063020195
4.22952586206892 4.22952586206892 8.94444450895493
4.2349137931034 4.2349137931034 8.96724741750873
4.24030172413789 4.24030172413789 8.99007935586337
4.24568965517237 4.24568965517237 9.01294032401884
4.25107758620685 4.25107758620685 9.03583032197514
4.25646551724134 4.25646551724134 9.05874934973228
4.26185344827582 4.26185344827582 9.08169740729025
4.2672413793103 4.2672413793103 9.10467449464905
4.27262931034479 4.27262931034479 9.12768061180868
4.27801724137927 4.27801724137927 9.15071575876915
4.28340517241375 4.28340517241375 9.17377993553044
4.28879310344823 4.28879310344823 9.19687314209257
4.29418103448272 4.29418103448272 9.21999537845553
4.2995689655172 4.2995689655172 9.24314664461933
4.30495689655168 4.30495689655168 9.26632694058396
4.31034482758617 4.31034482758617 9.28953626634941
4.31573275862065 4.31573275862065 9.31277462191571
4.32112068965513 4.32112068965513 9.33604200728283
4.32650862068962 4.32650862068962 9.35933842245078
4.3318965517241 4.3318965517241 9.38266386741957
4.33728448275858 4.33728448275858 9.40601834218919
4.34267241379307 4.34267241379307 9.42940184675965
4.34806034482755 4.34806034482755 9.45281438113093
4.35344827586203 4.35344827586203 9.47625594530305
4.35883620689652 4.35883620689652 9.499726539276
4.364224137931 4.364224137931 9.52322616304978
4.36961206896548 4.36961206896548 9.5467548166244
4.37499999999996 4.37499999999996 9.57031249999985
4.38038793103445 4.38038793103445 9.59389921317612
4.38577586206893 4.38577586206893 9.61751495615324
4.39116379310341 4.39116379310341 9.64115972893118
4.3965517241379 4.3965517241379 9.66483353150996
4.40193965517238 4.40193965517238 9.68853636388957
4.40732758620686 4.40732758620686 9.71226822607001
4.41271551724135 4.41271551724135 9.73602911805128
4.41810344827583 4.41810344827583 9.75981903983339
4.42349137931031 4.42349137931031 9.78363799141633
4.4288793103448 4.4288793103448 9.8074859728001
4.43426724137928 4.43426724137928 9.8313629839847
4.43965517241376 4.43965517241376 9.85526902497013
4.44504310344824 4.44504310344824 9.8792040957564
4.45043103448273 4.45043103448273 9.9031681963435
4.45581896551721 4.45581896551721 9.92716132673143
4.46120689655169 4.46120689655169 9.9511834869202
4.46659482758618 4.46659482758618 9.9752346769098
4.47198275862066 4.47198275862066 9.99931489670023
4.47737068965514 4.47737068965514 10.0234241462915
4.48275862068963 4.48275862068963 10.0475624256836
4.48814655172411 4.48814655172411 10.0717297348765
4.49353448275859 4.49353448275859 10.0959260738703
4.49892241379308 4.49892241379308 10.1201514426649
4.50431034482756 4.50431034482756 10.1444058412603
4.50969827586204 4.50969827586204 10.1686892696565
4.51508620689652 4.51508620689652 10.1930017278536
4.52047413793101 4.52047413793101 10.2173432158515
4.52586206896549 4.52586206896549 10.2417137336503
4.53124999999997 4.53124999999997 10.2661132812499
4.53663793103446 4.53663793103446 10.2905418586503
4.54202586206894 4.54202586206894 10.3149994658515
4.54741379310342 4.54741379310342 10.3394861028536
4.55280172413791 4.55280172413791 10.3640017696565
4.55818965517239 4.55818965517239 10.3885464662603
4.56357758620687 4.56357758620687 10.4131201926649
4.56896551724136 4.56896551724136 10.4377229488703
4.57435344827584 4.57435344827584 10.4623547348765
4.57974137931032 4.57974137931032 10.4870155506836
4.58512931034481 4.58512931034481 10.5117053962915
4.59051724137929 4.59051724137929 10.5364242717003
4.59590517241377 4.59590517241377 10.5611721769098
4.60129310344825 4.60129310344825 10.5859491119202
4.60668103448274 4.60668103448274 10.6107550767315
4.61206896551722 4.61206896551722 10.6355900713435
4.6174568965517 4.6174568965517 10.6604540957564
4.62284482758619 4.62284482758619 10.6853471499702
4.62823275862067 4.62823275862067 10.7102692339847
4.63362068965515 4.63362068965515 10.7352203478001
4.63900862068964 4.63900862068964 10.7602004914164
4.64439655172412 4.64439655172412 10.7852096648334
4.6497844827586 4.6497844827586 10.8102478680513
4.65517241379309 4.65517241379309 10.8353151010701
4.66056034482757 4.66056034482757 10.8604113638896
4.66594827586205 4.66594827586205 10.88553665651
4.67133620689653 4.67133620689653 10.9106909789313
4.67672413793102 4.67672413793102 10.9358743311533
4.6821120689655 4.6821120689655 10.9610867131762
4.68749999999998 4.68749999999998 10.9863281249999
4.69288793103447 4.69288793103447 11.0115985666245
4.69827586206895 4.69827586206895 11.0368980380499
4.70366379310343 4.70366379310343 11.0622265392761
4.70905172413792 4.70905172413792 11.0875840703031
4.7144396551724 4.7144396551724 11.112970631131
4.71982758620688 4.71982758620688 11.1383862217597
4.72521551724137 4.72521551724137 11.1638308421893
4.73060344827585 4.73060344827585 11.1893044924197
4.73599137931033 4.73599137931033 11.2148071724509
4.74137931034481 4.74137931034481 11.2403388822829
4.7467672413793 4.7467672413793 11.2658996219158
4.75215517241378 4.75215517241378 11.2914893913495
4.75754310344826 4.75754310344826 11.3171081905841
4.76293103448275 4.76293103448275 11.3427560196194
4.76831896551723 4.76831896551723 11.3684328784557
4.77370689655171 4.77370689655171 11.3941387670927
4.7790948275862 4.7790948275862 11.4198736855306
4.78448275862068 4.78448275862068 11.4456376337693
4.78987068965516 4.78987068965516 11.4714306118088
4.79525862068965 4.79525862068965 11.4972526196492
4.80064655172413 4.80064655172413 11.5231036572904
4.80603448275861 4.80603448275861 11.5489837247324
4.8114224137931 4.8114224137931 11.5748928219753
4.81681034482758 4.81681034482758 11.600830949019
4.82219827586206 4.82219827586206 11.6267981058635
4.82758620689654 4.82758620689654 11.6527942925089
4.83297413793103 4.83297413793103 11.6788195089551
4.83836206896551 4.83836206896551 11.7048737552021
4.84374999999999 4.84374999999999 11.73095703125
4.84913793103448 4.84913793103448 11.7570693370987
4.85452586206896 4.85452586206896 11.7832106727482
4.85991379310344 4.85991379310344 11.8093810381985
4.86530172413793 4.86530172413793 11.8355804334497
4.87068965517241 4.87068965517241 11.8618088585018
4.87607758620689 4.87607758620689 11.8880663133546
4.88146551724138 4.88146551724138 11.9143527980083
4.88685344827586 4.88685344827586 11.9406683124628
4.89224137931034 4.89224137931034 11.9670128567182
4.89762931034482 4.89762931034482 11.9933864307744
4.90301724137931 4.90301724137931 12.0197890346314
4.90840517241379 4.90840517241379 12.0462206682892
4.91379310344827 4.91379310344827 12.0726813317479
4.91918103448276 4.91918103448276 12.0991710250074
4.92456896551724 4.92456896551724 12.1256897480678
4.92995689655172 4.92995689655172 12.1522375009289
4.93534482758621 4.93534482758621 12.178814283591
4.94073275862069 4.94073275862069 12.2054200960538
4.94612068965517 4.94612068965517 12.2320549383175
4.95150862068966 4.95150862068966 12.258718810382
4.95689655172414 4.95689655172414 12.2854117122473
4.96228448275862 4.96228448275862 12.3121336439135
4.9676724137931 4.9676724137931 12.3388846053805
4.97306034482759 4.97306034482759 12.3656645966483
4.97844827586207 4.97844827586207 12.392473617717
4.98383620689655 4.98383620689655 12.4193116685865
4.98922413793104 4.98922413793104 12.4461787492569
4.99461206896552 4.99461206896552 12.473074859728
5 5 12.5
5.00538793103449 5.00538793103449 12.5269541700728
5.01077586206897 5.01077586206897 12.5539373699465
5.01616379310345 5.01616379310345 12.580949599621
5.02155172413794 5.02155172413794 12.6079908590963
5.02693965517242 5.02693965517242 12.6350611483725
5.0323275862069 5.0323275862069 12.6621604674495
5.03771551724139 5.03771551724139 12.6892888163273
5.04310344827587 5.04310344827587 12.716446195006
5.04849137931035 5.04849137931035 12.7436326034855
5.05387931034483 5.05387931034483 12.7708480417658
5.05926724137932 5.05926724137932 12.7980925098469
5.0646551724138 5.0646551724138 12.8253660077289
5.07004310344828 5.07004310344828 12.8526685354118
5.07543103448277 5.07543103448277 12.8800000928954
5.08081896551725 5.08081896551725 12.9073606801799
5.08620689655173 5.08620689655173 12.9347502972652
5.09159482758622 5.09159482758622 12.9621689441514
5.0969827586207 5.0969827586207 12.9896166208383
5.10237068965518 5.10237068965518 13.0170933273261
5.10775862068967 5.10775862068967 13.0445990636148
5.11314655172415 5.11314655172415 13.0721338297043
5.11853448275863 5.11853448275863 13.0996976255946
5.12392241379311 5.12392241379311 13.1272904512857
5.1293103448276 5.1293103448276 13.1549123067777
5.13469827586208 5.13469827586208 13.1825631920705
5.14008620689656 5.14008620689656 13.2102431071642
5.14547413793105 5.14547413793105 13.2379520520586
5.15086206896553 5.15086206896553 13.2656900267539
5.15625000000001 5.15625000000001 13.2934570312501
5.1616379310345 5.1616379310345 13.321253065547
5.16702586206898 5.16702586206898 13.3490781296448
5.17241379310346 5.17241379310346 13.3769322235435
5.17780172413795 5.17780172413795 13.4048153472429
5.18318965517243 5.18318965517243 13.4327275007432
5.18857758620691 5.18857758620691 13.4606686840444
5.19396551724139 5.19396551724139 13.4886388971463
5.19935344827588 5.19935344827588 13.5166381400491
5.20474137931036 5.20474137931036 13.5446664127528
5.21012931034484 5.21012931034484 13.5727237152572
5.21551724137933 5.21551724137933 13.6008100475625
5.22090517241381 5.22090517241381 13.6289254096686
5.22629310344829 5.22629310344829 13.6570698015756
5.23168103448278 5.23168103448278 13.6852432232834
5.23706896551726 5.23706896551726 13.713445674792
5.24245689655174 5.24245689655174 13.7416771561015
5.24784482758623 5.24784482758623 13.7699376672118
5.25323275862071 5.25323275862071 13.7982272081229
5.25862068965519 5.25862068965519 13.8265457788348
5.26400862068968 5.26400862068968 13.8548933793476
5.26939655172416 5.26939655172416 13.8832700096612
5.27478448275864 5.27478448275864 13.9116756697757
5.28017241379312 5.28017241379312 13.940110359691
5.28556034482761 5.28556034482761 13.9685740794071
5.29094827586209 5.29094827586209 13.997066828924
5.29633620689657 5.29633620689657 14.0255886082418
5.30172413793106 5.30172413793106 14.0541394173604
5.30711206896554 5.30711206896554 14.0827192562798
5.31250000000002 5.31250000000002 14.1113281250001
5.31788793103451 5.31788793103451 14.1399660235212
5.32327586206899 5.32327586206899 14.1686329518432
5.32866379310347 5.32866379310347 14.1973289099659
5.33405172413796 5.33405172413796 14.2260538978895
5.33943965517244 5.33943965517244 14.254807915614
5.34482758620692 5.34482758620692 14.2835909631393
5.3502155172414 5.3502155172414 14.3124030404654
5.35560344827589 5.35560344827589 14.3412441475923
5.36099137931037 5.36099137931037 14.3701142845201
5.36637931034485 5.36637931034485 14.3990134512487
5.37176724137934 5.37176724137934 14.4279416477781
5.37715517241382 5.37715517241382 14.4568988741084
5.3825431034483 5.3825431034483 14.4858851302394
5.38793103448279 5.38793103448279 14.5149004161714
5.39331896551727 5.39331896551727 14.5439447319041
5.39870689655175 5.39870689655175 14.5730180774377
5.40409482758624 5.40409482758624 14.6021204527722
5.40948275862072 5.40948275862072 14.6312518579074
5.4148706896552 5.4148706896552 14.6604122928435
5.42025862068969 5.42025862068969 14.6896017575804
5.42564655172417 5.42564655172417 14.7188202521182
5.43103448275865 5.43103448275865 14.7480677764568
5.43642241379313 5.43642241379313 14.7773443305962
5.44181034482762 5.44181034482762 14.8066499145364
5.4471982758621 5.4471982758621 14.8359845282775
5.45258620689658 5.45258620689658 14.8653481718194
5.45797413793107 5.45797413793107 14.8947408451622
5.46336206896555 5.46336206896555 14.9241625483058
5.46875000000003 5.46875000000003 14.9536132812502
5.47413793103452 5.47413793103452 14.9830930439954
5.479525862069 5.479525862069 15.0126018365415
5.48491379310348 5.48491379310348 15.0421396588884
5.49030172413797 5.49030172413797 15.0717065110362
5.49568965517245 5.49568965517245 15.1013023929847
5.50107758620693 5.50107758620693 15.1309273047341
5.50646551724141 5.50646551724141 15.1605812462844
5.5118534482759 5.5118534482759 15.1902642176355
5.51724137931038 5.51724137931038 15.2199762187874
5.52262931034486 5.52262931034486 15.2497172497401
5.52801724137935 5.52801724137935 15.2794873104937
5.53340517241383 5.53340517241383 15.3092864010481
5.53879310344831 5.53879310344831 15.3391145214033
5.5441810344828 5.5441810344828 15.3689716715594
5.54956896551728 5.54956896551728 15.3988578515163
5.55495689655176 5.55495689655176 15.428773061274
5.56034482758625 5.56034482758625 15.4587173008326
5.56573275862073 5.56573275862073 15.488690570192
5.57112068965521 5.57112068965521 15.5186928693522
5.57650862068969 5.57650862068969 15.5487241983132
5.58189655172418 5.58189655172418 15.5787845570751
5.58728448275866 5.58728448275866 15.6088739456379
5.59267241379314 5.59267241379314 15.6389923640014
5.59806034482763 5.59806034482763 15.6691398121658
5.60344827586211 5.60344827586211 15.699316290131
5.60883620689659 5.60883620689659 15.7295217978971
5.61422413793108 5.61422413793108 15.759756335464
5.61961206896556 5.61961206896556 15.7900199028317
5.62500000000004 5.62500000000004 15.8203125000002
5.63038793103453 5.63038793103453 15.8506341269696
5.63577586206901 5.63577586206901 15.8809847837398
5.64116379310349 5.64116379310349 15.9113644703109
5.64655172413798 5.64655172413798 15.9417731866828
5.65193965517246 5.65193965517246 15.9722109328555
5.65732758620694 5.65732758620694 16.002677708829
5.66271551724142 5.66271551724142 16.0331735146034
5.66810344827591 5.66810344827591 16.0636983501786
5.67349137931039 5.67349137931039 16.0942522155547
5.67887931034487 5.67887931034487 16.1248351107315
5.68426724137936 5.68426724137936 16.1554470357092
5.68965517241384 5.68965517241384 16.1860879904878
5.69504310344832 5.69504310344832 16.2167579750672
5.70043103448281 5.70043103448281 16.2474569894474
5.70581896551729 5.70581896551729 16.2781850336284
5.71120689655177 5.71120689655177 16.3089421076103
5.71659482758626 5.71659482758626 16.339728211393
5.72198275862074 5.72198275862074 16.3705433449765
5.72737068965522 5.72737068965522 16.4013875083609
5.7327586206897 5.7327586206897 16.4322607015461
5.73814655172419 5.73814655172419 16.4631629245321
5.74353448275867 5.74353448275867 16.494094177319
5.74892241379315 5.74892241379315 16.5250544599067
5.75431034482764 5.75431034482764 16.5560437722952
5.75969827586212 5.75969827586212 16.5870621144845
5.7650862068966 5.7650862068966 16.6181094864747
5.77047413793109 5.77047413793109 16.6491858882658
5.77586206896557 5.77586206896557 16.6802913198576
5.78125000000005 5.78125000000005 16.7114257812503
5.78663793103454 5.78663793103454 16.7425892724438
5.79202586206902 5.79202586206902 16.7737817934382
5.7974137931035 5.7974137931035 16.8050033442334
5.80280172413798 5.80280172413798 16.8362539248294
5.80818965517247 5.80818965517247 16.8675335352262
5.81357758620695 5.81357758620695 16.8988421754239
5.81896551724143 5.81896551724143 16.9301798454224
5.82435344827592 5.82435344827592 16.9615465452218
5.8297413793104 5.8297413793104 16.992942274822
5.83512931034488 5.83512931034488 17.024367034223
5.84051724137937 5.84051724137937 17.0558208234248
5.84590517241385 5.84590517241385 17.0873036424275
5.85129310344833 5.85129310344833 17.118815491231
5.85668103448282 5.85668103448282 17.1503563698354
5.8620689655173 5.8620689655173 17.1819262782405
5.86745689655178 5.86745689655178 17.2135252164465
5.87284482758627 5.87284482758627 17.2451531844534
5.87823275862075 5.87823275862075 17.276810182261
5.88362068965523 5.88362068965523 17.3084962098695
5.88900862068971 5.88900862068971 17.3402112672789
5.8943965517242 5.8943965517242 17.3719553544891
5.89978448275868 5.89978448275868 17.4037284715001
5.90517241379316 5.90517241379316 17.4355306183119
5.91056034482765 5.91056034482765 17.4673617949246
5.91594827586213 5.91594827586213 17.4992220013381
5.92133620689661 5.92133620689661 17.5311112375524
5.9267241379311 5.9267241379311 17.5630295035675
5.93211206896558 5.93211206896558 17.5949767993835
5.93750000000006 5.93750000000006 17.6269531250004
5.94288793103455 5.94288793103455 17.658958480418
5.94827586206903 5.94827586206903 17.6909928656365
5.95366379310351 5.95366379310351 17.7230562806558
5.95905172413799 5.95905172413799 17.755148725476
5.96443965517248 5.96443965517248 17.787270200097
5.96982758620696 5.96982758620696 17.8194207045188
5.97521551724144 5.97521551724144 17.8516002387415
5.98060344827593 5.98060344827593 17.883808802765
5.98599137931041 5.98599137931041 17.9160463965893
5.99137931034489 5.99137931034489 17.9483130202144
5.99676724137938 5.99676724137938 17.9806086736404
6.00215517241386 6.00215517241386 18.0129333568672
6.00754310344834 6.00754310344834 18.0452870698949
6.01293103448283 6.01293103448283 18.0776698127234
6.01831896551731 6.01831896551731 18.1100815853527
6.02370689655179 6.02370689655179 18.1425223877828
6.02909482758627 6.02909482758627 18.1749922200138
6.03448275862076 6.03448275862076 18.2074910820456
6.03987068965524 6.03987068965524 18.2400189738782
6.04525862068972 6.04525862068972 18.2725758955117
6.05064655172421 6.05064655172421 18.305161846946
6.05603448275869 6.05603448275869 18.3377768281812
6.06142241379317 6.06142241379317 18.3704208392171
6.06681034482766 6.06681034482766 18.4030938800539
6.07219827586214 6.07219827586214 18.4357959506916
6.07758620689662 6.07758620689662 18.46852705113
6.08297413793111 6.08297413793111 18.5012871813693
6.08836206896559 6.08836206896559 18.5340763414095
6.09375000000007 6.09375000000007 18.5668945312504
6.09913793103456 6.09913793103456 18.5997417508922
6.10452586206904 6.10452586206904 18.6326180003349
6.10991379310352 6.10991379310352 18.6655232795783
6.115301724138 6.115301724138 18.6984575886226
6.12068965517249 6.12068965517249 18.7314209274678
6.12607758620697 6.12607758620697 18.7644132961137
6.13146551724145 6.13146551724145 18.7974346945605
6.13685344827594 6.13685344827594 18.8304851228081
6.14224137931042 6.14224137931042 18.8635645808566
6.1476293103449 6.1476293103449 18.8966730687059
6.15301724137939 6.15301724137939 18.929810586356
6.15840517241387 6.15840517241387 18.9629771338069
6.16379310344835 6.16379310344835 18.9961727110587
6.16918103448284 6.16918103448284 19.0293973181114
6.17456896551732 6.17456896551732 19.0626509549648
6.1799568965518 6.1799568965518 19.0959336216191
6.18534482758628 6.18534482758628 19.1292453180742
6.19073275862077 6.19073275862077 19.1625860443302
6.19612068965525 6.19612068965525 19.1959558003869
6.20150862068973 6.20150862068973 19.2293545862445
6.20689655172422 6.20689655172422 19.262782401903
6.2122844827587 6.2122844827587 19.2962392473623
6.21767241379318 6.21767241379318 19.3297251226224
6.22306034482767 6.22306034482767 19.3632400276833
6.22844827586215 6.22844827586215 19.3967839625451
6.23383620689663 6.23383620689663 19.4303569272077
6.23922413793112 6.23922413793112 19.4639589216711
6.2446120689656 6.2446120689656 19.4975899459354
6.25000000000008 6.25000000000008 19.5312500000005
6.25538793103456 6.25538793103456 19.5649390838664
6.26077586206905 6.26077586206905 19.5986571975332
6.26616379310353 6.26616379310353 19.6324043410008
6.27155172413801 6.27155172413801 19.6661805142693
6.2769396551725 6.2769396551725 19.6999857173385
6.28232758620698 6.28232758620698 19.7338199502086
6.28771551724146 6.28771551724146 19.7676832128795
6.29310344827595 6.29310344827595 19.8015755053513
6.29849137931043 6.29849137931043 19.8354968276239
6.30387931034491 6.30387931034491 19.8694471796973
6.3092672413794 6.3092672413794 19.9034265615716
6.31465517241388 6.31465517241388 19.9374349732467
6.32004310344836 6.32004310344836 19.9714724147226
6.32543103448285 6.32543103448285 20.0055388859994
6.33081896551733 6.33081896551733 20.0396343870769
6.33620689655181 6.33620689655181 20.0737589179554
6.34159482758629 6.34159482758629 20.1079124786346
6.34698275862078 6.34698275862078 20.1420950691147
6.35237068965526 6.35237068965526 20.1763066893956
6.35775862068974 6.35775862068974 20.2105473394774
6.36314655172423 6.36314655172423 20.24481701936
6.36853448275871 6.36853448275871 20.2791157290434
6.37392241379319 6.37392241379319 20.3134434685276
6.37931034482768 6.37931034482768 20.3478002378127
6.38469827586216 6.38469827586216 20.3821860368986
6.39008620689664 6.39008620689664 20.4166008657854
6.39547413793113 6.39547413793113 20.4510447244729
6.40086206896561 6.40086206896561 20.4855176129613
6.40625000000009 6.40625000000009 20.5200195312506
6.41163793103457 6.41163793103457 20.5545504793407
6.41702586206906 6.41702586206906 20.5891104572316
6.42241379310354 6.42241379310354 20.6236994649233
6.42780172413802 6.42780172413802 20.6583175024159
6.43318965517251 6.43318965517251 20.6929645697093
6.43857758620699 6.43857758620699 20.7276406668035
6.44396551724147 6.44396551724147 20.7623457936986
6.44935344827596 6.44935344827596 20.7970799503945
6.45474137931044 6.45474137931044 20.8318431368912
6.46012931034492 6.46012931034492 20.8666353531888
6.46551724137941 6.46551724137941 20.9014565992872
6.47090517241389 6.47090517241389 20.9363068751864
6.47629310344837 6.47629310344837 20.9711861808865
6.48168103448285 6.48168103448285 21.0060945163874
6.48706896551734 6.48706896551734 21.0410318816891
6.49245689655182 6.49245689655182 21.0759982767917
6.4978448275863 6.4978448275863 21.110993701695
6.50323275862079 6.50323275862079 21.1460181563993
6.50862068965527 6.50862068965527 21.1810716409043
6.51400862068975 6.51400862068975 21.2161541552102
6.51939655172424 6.51939655172424 21.2512656993169
6.52478448275872 6.52478448275872 21.2864062732245
6.5301724137932 6.5301724137932 21.3215758769329
6.53556034482769 6.53556034482769 21.3567745104421
6.54094827586217 6.54094827586217 21.3920021737521
6.54633620689665 6.54633620689665 21.427258866863
6.55172413793114 6.55172413793114 21.4625445897747
6.55711206896562 6.55711206896562 21.4978593424873
6.5625000000001 6.5625000000001 21.5332031250007
6.56788793103458 6.56788793103458 21.5685759373149
6.57327586206907 6.57327586206907 21.6039777794299
6.57866379310355 6.57866379310355 21.6394086513458
6.58405172413803 6.58405172413803 21.6748685530625
6.58943965517252 6.58943965517252 21.71035748458
6.594827586207 6.594827586207 21.7458754458984
6.60021551724148 6.60021551724148 21.7814224370176
6.60560344827597 6.60560344827597 21.8169984579377
6.61099137931045 6.61099137931045 21.8526035086585
6.61637931034493 6.61637931034493 21.8882375891802
6.62176724137942 6.62176724137942 21.9239006995028
6.6271551724139 6.6271551724139 21.9595928396261
6.63254310344838 6.63254310344838 21.9953140095503
6.63793103448286 6.63793103448286 22.0310642092754
6.64331896551735 6.64331896551735 22.0668434388012
6.64870689655183 6.64870689655183 22.1026516981279
6.65409482758631 6.65409482758631 22.1384889872555
6.6594827586208 6.6594827586208 22.1743553061838
6.66487068965528 6.66487068965528 22.210250654913
6.67025862068976 6.67025862068976 22.2461750334431
6.67564655172425 6.67564655172425 22.2821284417739
6.68103448275873 6.68103448275873 22.3181108799056
6.68642241379321 6.68642241379321 22.3541223478381
6.6918103448277 6.6918103448277 22.3901628455715
6.69719827586218 6.69719827586218 22.4262323731057
6.70258620689666 6.70258620689666 22.4623309304407
6.70797413793114 6.70797413793114 22.4984585175765
6.71336206896563 6.71336206896563 22.5346151345132
6.71875000000011 6.71875000000011 22.5708007812507
6.72413793103459 6.72413793103459 22.6070154577891
6.72952586206908 6.72952586206908 22.6432591641283
6.73491379310356 6.73491379310356 22.6795319002683
6.74030172413804 6.74030172413804 22.7158336662091
6.74568965517253 6.74568965517253 22.7521644619508
6.75107758620701 6.75107758620701 22.7885242874933
6.75646551724149 6.75646551724149 22.8249131428367
6.76185344827598 6.76185344827598 22.8613310279809
6.76724137931046 6.76724137931046 22.8977779429259
6.77262931034494 6.77262931034494 22.9342538876717
6.77801724137943 6.77801724137943 22.9707588622184
6.78340517241391 6.78340517241391 23.0072928665659
6.78879310344839 6.78879310344839 23.0438559007142
6.79418103448287 6.79418103448287 23.0804479646634
6.79956896551736 6.79956896551736 23.1170690584134
6.80495689655184 6.80495689655184 23.1537191819642
6.81034482758632 6.81034482758632 23.1903983353159
6.81573275862081 6.81573275862081 23.2271065184684
6.82112068965529 6.82112068965529 23.2638437314217
6.82650862068977 6.82650862068977 23.3006099741759
6.83189655172426 6.83189655172426 23.3374052467309
6.83728448275874 6.83728448275874 23.3742295490867
6.84267241379322 6.84267241379322 23.4110828812434
6.84806034482771 6.84806034482771 23.4479652432009
6.85344827586219 6.85344827586219 23.4848766349592
6.85883620689667 6.85883620689667 23.5218170565184
6.86422413793115 6.86422413793115 23.5587865078784
6.86961206896564 6.86961206896564 23.5957849890392
6.87500000000012 6.87500000000012 23.6328125000008
6.8803879310346 6.8803879310346 23.6698690407633
6.88577586206909 6.88577586206909 23.7069546113266
6.89116379310357 6.89116379310357 23.7440692116908
6.89655172413805 6.89655172413805 23.7812128418558
6.90193965517254 6.90193965517254 23.8183855018216
6.90732758620702 6.90732758620702 23.8555871915882
6.9127155172415 6.9127155172415 23.8928179111557
6.91810344827599 6.91810344827599 23.930077660524
6.92349137931047 6.92349137931047 23.9673664396932
6.92887931034495 6.92887931034495 24.0046842486632
6.93426724137943 6.93426724137943 24.042031087434
6.93965517241392 6.93965517241392 24.0794069560056
6.9450431034484 6.9450431034484 24.1168118543781
6.95043103448288 6.95043103448288 24.1542457825514
6.95581896551737 6.95581896551737 24.1917087405255
6.96120689655185 6.96120689655185 24.2292007283005
6.96659482758633 6.96659482758633 24.2667217458763
6.97198275862082 6.97198275862082 24.304271793253
6.9773706896553 6.9773706896553 24.3418508704304
6.98275862068978 6.98275862068978 24.3794589774087
6.98814655172427 6.98814655172427 24.4170961141879
6.99353448275875 6.99353448275875 24.4547622807678
6.99892241379323 6.99892241379323 24.4924574771486
7.00431034482772 7.00431034482772 24.5301817033303
7.0096982758622 7.0096982758622 24.5679349593127
7.01508620689668 7.01508620689668 24.605717245096
7.02047413793116 7.02047413793116 24.6435285606802
7.02586206896565 7.02586206896565 24.6813689060651
7.03125000000013 7.03125000000013 24.7192382812509
7.03663793103461 7.03663793103461 24.7571366862375
7.0420258620691 7.0420258620691 24.795064121025
7.04741379310358 7.04741379310358 24.8330205856133
7.05280172413806 7.05280172413806 24.8710060800024
7.05818965517255 7.05818965517255 24.9090206041924
7.06357758620703 7.06357758620703 24.9470641581832
7.06896551724151 7.06896551724151 24.9851367419748
7.074353448276 7.074353448276 25.0232383555672
7.07974137931048 7.07974137931048 25.0613689989605
7.08512931034496 7.08512931034496 25.0995286721546
7.09051724137944 7.09051724137944 25.1377173751496
7.09590517241393 7.09590517241393 25.1759351079454
7.10129310344841 7.10129310344841 25.214181870542
7.10668103448289 7.10668103448289 25.2524576629394
7.11206896551738 7.11206896551738 25.2907624851377
7.11745689655186 7.11745689655186 25.3290963371368
7.12284482758634 7.12284482758634 25.3674592189368
7.12823275862083 7.12823275862083 25.4058511305375
7.13362068965531 7.13362068965531 25.4442720719391
7.13900862068979 7.13900862068979 25.4827220431416
7.14439655172428 7.14439655172428 25.5212010441449
7.14978448275876 7.14978448275876 25.559709074949
7.15517241379324 7.15517241379324 25.5982461355539
7.16056034482772 7.16056034482772 25.6368122259597
7.16594827586221 7.16594827586221 25.6754073461663
7.17133620689669 7.17133620689669 25.7140314961737
7.17672413793117 7.17672413793117 25.752684675982
7.18211206896566 7.18211206896566 25.7913668855911
7.18750000000014 7.18750000000014 25.830078125001
7.19288793103462 7.19288793103462 25.8688183942118
7.19827586206911 7.19827586206911 25.9075876932234
7.20366379310359 7.20366379310359 25.9463860220358
7.20905172413807 7.20905172413807 25.9852133806491
7.21443965517256 7.21443965517256 26.0240697690632
7.21982758620704 7.21982758620704 26.0629551872781
7.22521551724152 7.22521551724152 26.1018696352938
7.23060344827601 7.23060344827601 26.1408131131104
7.23599137931049 7.23599137931049 26.1797856207279
7.24137931034497 7.24137931034497 26.2187871581461
7.24676724137945 7.24676724137945 26.2578177253652
7.25215517241394 7.25215517241394 26.2968773223851
7.25754310344842 7.25754310344842 26.3359659492059
7.2629310344829 7.2629310344829 26.3750836058274
7.26831896551739 7.26831896551739 26.4142302922499
7.27370689655187 7.27370689655187 26.4534060084731
7.27909482758635 7.27909482758635 26.4926107544972
7.28448275862084 7.28448275862084 26.5318445303221
7.28987068965532 7.28987068965532 26.5711073359479
7.2952586206898 7.2952586206898 26.6103991713744
7.30064655172429 7.30064655172429 26.6497200366018
7.30603448275877 7.30603448275877 26.6890699316301
7.31142241379325 7.31142241379325 26.7284488564592
7.31681034482773 7.31681034482773 26.7678568110891
7.32219827586222 7.32219827586222 26.8072937955198
7.3275862068967 7.3275862068967 26.8467598097514
7.33297413793118 7.33297413793118 26.8862548537838
7.33836206896567 7.33836206896567 26.925778927617
7.34375000000015 7.34375000000015 26.9653320312511
7.34913793103463 7.34913793103463 27.004914164686
7.35452586206912 7.35452586206912 27.0445253279217
7.3599137931036 7.3599137931036 27.0841655209583
7.36530172413808 7.36530172413808 27.1238347437957
7.37068965517257 7.37068965517257 27.1635329964339
7.37607758620705 7.37607758620705 27.203260278873
7.38146551724153 7.38146551724153 27.2430165911129
7.38685344827601 7.38685344827601 27.2828019331536
7.3922413793105 7.3922413793105 27.3226163049952
7.39762931034498 7.39762931034498 27.3624597066376
7.40301724137946 7.40301724137946 27.4023321380808
7.40840517241395 7.40840517241395 27.4422335993249
7.41379310344843 7.41379310344843 27.4821640903698
7.41918103448291 7.41918103448291 27.5221236112155
7.4245689655174 7.4245689655174 27.562112161862
7.42995689655188 7.42995689655188 27.6021297423094
7.43534482758636 7.43534482758636 27.6421763525576
7.44073275862085 7.44073275862085 27.6822519926067
7.44612068965533 7.44612068965533 27.7223566624566
7.45150862068981 7.45150862068981 27.7624903621073
7.4568965517243 7.4568965517243 27.8026530915588
7.46228448275878 7.46228448275878 27.8428448508112
7.46767241379326 7.46767241379326 27.8830656398644
7.47306034482774 7.47306034482774 27.9233154587185
7.47844827586223 7.47844827586223 27.9635943073734
7.48383620689671 7.48383620689671 28.0039021858291
7.48922413793119 7.48922413793119 28.0442390940856
7.49461206896568 7.49461206896568 28.084605032143
7.50000000000016 7.50000000000016 28.1250000000012
7.50538793103464 7.50538793103464 28.1654239976602
7.51077586206913 7.51077586206913 28.2058770251201
7.51616379310361 7.51616379310361 28.2463590823808
7.52155172413809 7.52155172413809 28.2868701694424
7.52693965517258 7.52693965517258 28.3274102863047
7.53232758620706 7.53232758620706 28.3679794329679
7.53771551724154 7.53771551724154 28.408577609432
7.54310344827602 7.54310344827602 28.4492048156968
7.54849137931051 7.54849137931051 28.4898610517625
7.55387931034499 7.55387931034499 28.5305463176291
7.55926724137947 7.55926724137947 28.5712606132964
7.56465517241396 7.56465517241396 28.6120039387646
7.57004310344844 7.57004310344844 28.6527762940336
7.57543103448292 7.57543103448292 28.6935776791035
7.58081896551741 7.58081896551741 28.7344080939742
7.58620689655189 7.58620689655189 28.7752675386457
7.59159482758637 7.59159482758637 28.8161560131181
7.59698275862086 7.59698275862086 28.8570735173913
7.60237068965534 7.60237068965534 28.8980200514653
7.60775862068982 7.60775862068982 28.9389956153402
7.6131465517243 7.6131465517243 28.9800002090158
7.61853448275879 7.61853448275879 29.0210338324924
7.62392241379327 7.62392241379327 29.0620964857697
7.62931034482775 7.62931034482775 29.1031881688479
7.63469827586224 7.63469827586224 29.1443088817269
7.64008620689672 7.64008620689672 29.1854586244068
7.6454741379312 7.6454741379312 29.2266373968874
7.65086206896569 7.65086206896569 29.267845199169
7.65625000000017 7.65625000000017 29.3090820312513
7.66163793103465 7.66163793103465 29.3503478931345
7.66702586206914 7.66702586206914 29.3916427848185
7.67241379310362 7.67241379310362 29.4329667063033
7.6778017241381 7.6778017241381 29.474319657589
7.68318965517259 7.68318965517259 29.5157016386755
7.68857758620707 7.68857758620707 29.5571126495629
7.69396551724155 7.69396551724155 29.598552690251
7.69935344827603 7.69935344827603 29.64002176074
7.70474137931052 7.70474137931052 29.6815198610299
7.710129310345 7.710129310345 29.7230469911205
7.71551724137948 7.71551724137948 29.764603151012
7.72090517241397 7.72090517241397 29.8061883407044
7.72629310344845 7.72629310344845 29.8478025601975
7.73168103448293 7.73168103448293 29.8894458094915
7.73706896551742 7.73706896551742 29.9311180885864
7.7424568965519 7.7424568965519 29.972819397482
7.74784482758638 7.74784482758638 30.0145497361785
7.75323275862087 7.75323275862087 30.0563091046759
7.75862068965535 7.75862068965535 30.098097502974
7.76400862068983 7.76400862068983 30.139914931073
7.76939655172431 7.76939655172431 30.1817613889728
7.7747844827588 7.7747844827588 30.2236368766735
7.78017241379328 7.78017241379328 30.265541394175
7.78556034482776 7.78556034482776 30.3074749414773
7.79094827586225 7.79094827586225 30.3494375185805
7.79633620689673 7.79633620689673 30.3914291254844
7.80172413793121 7.80172413793121 30.4334497621893
7.8071120689657 7.8071120689657 30.4754994286949
7.81250000000018 7.81250000000018 30.5175781250014
7.81788793103466 7.81788793103466 30.5596858511087
7.82327586206915 7.82327586206915 30.6018226070169
7.82866379310363 7.82866379310363 30.6439883927258
7.83405172413811 7.83405172413811 30.6861832082357
7.83943965517259 7.83943965517259 30.7284070535463
7.84482758620708 7.84482758620708 30.7706599286578
7.85021551724156 7.85021551724156 30.8129418335701
7.85560344827604 7.85560344827604 30.8552527682832
7.86099137931053 7.86099137931053 30.8975927327972
7.86637931034501 7.86637931034501 30.939961727112
7.87176724137949 7.87176724137949 30.9823597512277
7.87715517241398 7.87715517241398 31.0247868051441
7.88254310344846 7.88254310344846 31.0672428888614
7.88793103448294 7.88793103448294 31.1097280023796
7.89331896551743 7.89331896551743 31.1522421456985
7.89870689655191 7.89870689655191 31.1947853188183
7.90409482758639 7.90409482758639 31.237357521739
7.90948275862088 7.90948275862088 31.2799587544604
7.91487068965536 7.91487068965536 31.3225890169827
7.92025862068984 7.92025862068984 31.3652483093059
7.92564655172432 7.92564655172432 31.4079366314298
7.93103448275881 7.93103448275881 31.4506539833546
7.93642241379329 7.93642241379329 31.4934003650803
7.94181034482777 7.94181034482777 31.5361757766067
7.94719827586226 7.94719827586226 31.578980217934
7.95258620689674 7.95258620689674 31.6218136890621
7.95797413793122 7.95797413793122 31.6646761899911
7.96336206896571 7.96336206896571 31.7075677207209
7.96875000000019 7.96875000000019 31.7504882812515
7.97413793103467 7.97413793103467 31.793437871583
7.97952586206916 7.97952586206916 31.8364164917152
7.98491379310364 7.98491379310364 31.8794241416484
7.99030172413812 7.99030172413812 31.9224608213823
7.9956896551726 7.9956896551726 31.9655265309171
8.00107758620709 8.00107758620709 32.0086212702527
8.00646551724157 8.00646551724157 32.0517450393892
8.01185344827605 8.01185344827605 32.0948978383264
8.01724137931053 8.01724137931053 32.1380796670645
8.02262931034502 8.02262931034502 32.1812905256035
8.0280172413795 8.0280172413795 32.2245304139432
8.03340517241398 8.03340517241398 32.2677993320838
8.03879310344846 8.03879310344846 32.3110972800253
8.04418103448294 8.04418103448294 32.3544242577675
8.04956896551743 8.04956896551743 32.3977802653106
8.05495689655191 8.05495689655191 32.4411653026546
8.06034482758639 8.06034482758639 32.4845793697993
8.06573275862087 8.06573275862087 32.5280224667449
8.07112068965536 8.07112068965536 32.5714945934914
8.07650862068984 8.07650862068984 32.6149957500386
8.08189655172432 8.08189655172432 32.6585259363867
8.0872844827588 8.0872844827588 32.7020851525357
8.09267241379328 8.09267241379328 32.7456733984854
8.09806034482777 8.09806034482777 32.789290674236
8.10344827586225 8.10344827586225 32.8329369797874
8.10883620689673 8.10883620689673 32.8766123151397
8.11422413793121 8.11422413793121 32.9203166802928
8.1196120689657 8.1196120689657 32.9640500752467
8.12500000000018 8.12500000000018 33.0078125000014
8.13038793103466 8.13038793103466 33.051603954557
8.13577586206914 8.13577586206914 33.0954244389134
8.14116379310362 8.14116379310362 33.1392739530707
8.14655172413811 8.14655172413811 33.1831524970288
8.15193965517259 8.15193965517259 33.2270600707877
8.15732758620707 8.15732758620707 33.2709966743474
8.16271551724155 8.16271551724155 33.314962307708
8.16810344827604 8.16810344827604 33.3589569708694
8.17349137931052 8.17349137931052 33.4029806638317
8.178879310345 8.178879310345 33.4470333865947
8.18426724137948 8.18426724137948 33.4911151391587
8.18965517241396 8.18965517241396 33.5352259215234
8.19504310344845 8.19504310344845 33.579365733689
8.20043103448293 8.20043103448293 33.6235345756554
8.20581896551741 8.20581896551741 33.6677324474226
8.21120689655189 8.21120689655189 33.7119593489907
8.21659482758638 8.21659482758638 33.7562152803596
8.22198275862086 8.22198275862086 33.8005002415293
8.22737068965534 8.22737068965534 33.8448142324999
8.23275862068982 8.23275862068982 33.8891572532713
8.2381465517243 8.2381465517243 33.9335293038435
8.24353448275879 8.24353448275879 33.9779303842166
8.24892241379327 8.24892241379327 34.0223604943905
8.25431034482775 8.25431034482775 34.0668196343652
8.25969827586223 8.25969827586223 34.1113078041408
8.26508620689672 8.26508620689672 34.1558250037172
8.2704741379312 8.2704741379312 34.2003712330944
8.27586206896568 8.27586206896568 34.2449464922724
8.28125000000016 8.28125000000016 34.2895507812513
8.28663793103464 8.28663793103464 34.3341841000311
8.29202586206913 8.29202586206913 34.3788464486116
8.29741379310361 8.29741379310361 34.423537826993
8.30280172413809 8.30280172413809 34.4682582351752
8.30818965517257 8.30818965517257 34.5130076731583
8.31357758620705 8.31357758620705 34.5577861409422
8.31896551724154 8.31896551724154 34.6025936385269
8.32435344827602 8.32435344827602 34.6474301659124
8.3297413793105 8.3297413793105 34.6922957230988
8.33512931034498 8.33512931034498 34.737190310086
8.34051724137947 8.34051724137947 34.7821139268741
8.34590517241395 8.34590517241395 34.827066573463
8.35129310344843 8.35129310344843 34.8720482498527
8.35668103448291 8.35668103448291 34.9170589560432
8.36206896551739 8.36206896551739 34.9620986920346
8.36745689655188 8.36745689655188 35.0071674578268
8.37284482758636 8.37284482758636 35.0522652534198
8.37823275862084 8.37823275862084 35.0973920788137
8.38362068965532 8.38362068965532 35.1425479340084
8.38900862068981 8.38900862068981 35.1877328190039
8.39439655172429 8.39439655172429 35.2329467338003
8.39978448275877 8.39978448275877 35.2781896783975
8.40517241379325 8.40517241379325 35.3234616527955
8.41056034482773 8.41056034482773 35.3687626569944
8.41594827586222 8.41594827586222 35.4140926909941
8.4213362068967 8.4213362068967 35.4594517547946
8.42672413793118 8.42672413793118 35.504839848396
8.43211206896566 8.43211206896566 35.5502569717982
8.43750000000015 8.43750000000015 35.5957031250012
8.44288793103463 8.44288793103463 35.6411783080051
8.44827586206911 8.44827586206911 35.6866825208098
8.45366379310359 8.45366379310359 35.7322157634153
8.45905172413807 8.45905172413807 35.7777780358217
8.46443965517256 8.46443965517256 35.8233693380289
8.46982758620704 8.46982758620704 35.8689896700369
8.47521551724152 8.47521551724152 35.9146390318457
8.480603448276 8.480603448276 35.9603174234554
8.48599137931049 8.48599137931049 36.0060248448659
8.49137931034497 8.49137931034497 36.0517612960773
8.49676724137945 8.49676724137945 36.0975267770895
8.50215517241393 8.50215517241393 36.1433212879025
8.50754310344841 8.50754310344841 36.1891448285163
8.5129310344829 8.5129310344829 36.234997398931
8.51831896551738 8.51831896551738 36.2808789991465
8.52370689655186 8.52370689655186 36.3267896291629
8.52909482758634 8.52909482758634 36.3727292889801
8.53448275862083 8.53448275862083 36.4186979785981
8.53987068965531 8.53987068965531 36.4646956980169
8.54525862068979 8.54525862068979 36.5107224472366
8.55064655172427 8.55064655172427 36.5567782262571
8.55603448275875 8.55603448275875 36.6028630350784
8.56142241379324 8.56142241379324 36.6489768737006
8.56681034482772 8.56681034482772 36.6951197421236
8.5721982758622 8.5721982758622 36.7412916403474
8.57758620689668 8.57758620689668 36.7874925683721
8.58297413793117 8.58297413793117 36.8337225261976
8.58836206896565 8.58836206896565 36.8799815138239
8.59375000000013 8.59375000000013 36.9262695312511
8.59913793103461 8.59913793103461 36.9725865784791
8.60452586206909 8.60452586206909 37.0189326555079
8.60991379310358 8.60991379310358 37.0653077623376
8.61530172413806 8.61530172413806 37.1117118989681
8.62068965517254 8.62068965517254 37.1581450653994
8.62607758620702 8.62607758620702 37.2046072616316
8.63146551724151 8.63146551724151 37.2510984876646
8.63685344827599 8.63685344827599 37.2976187434984
8.64224137931047 8.64224137931047 37.3441680291331
8.64762931034495 8.64762931034495 37.3907463445686
8.65301724137943 8.65301724137943 37.4373536898049
8.65840517241392 8.65840517241392 37.483990064842
8.6637931034484 8.6637931034484 37.53065546968
8.66918103448288 8.66918103448288 37.5773499043188
8.67456896551736 8.67456896551736 37.6240733687585
8.67995689655184 8.67995689655184 37.670825862999
8.68534482758633 8.68534482758633 37.7176073870403
8.69073275862081 8.69073275862081 37.7644179408824
8.69612068965529 8.69612068965529 37.8112575245254
8.70150862068977 8.70150862068977 37.8581261379692
8.70689655172426 8.70689655172426 37.9050237812139
8.71228448275874 8.71228448275874 37.9519504542593
8.71767241379322 8.71767241379322 37.9989061571057
8.7230603448277 8.7230603448277 38.0458908897528
8.72844827586218 8.72844827586218 38.0929046522008
8.73383620689667 8.73383620689667 38.1399474444496
8.73922413793115 8.73922413793115 38.1870192664992
8.74461206896563 8.74461206896563 38.2341201183497
8.75000000000011 8.75000000000011 38.281250000001
8.7553879310346 8.7553879310346 38.3284089114531
8.76077586206908 8.76077586206908 38.3755968527061
8.76616379310356 8.76616379310356 38.4228138237599
8.77155172413804 8.77155172413804 38.4700598246145
8.77693965517252 8.77693965517252 38.51733485527
8.78232758620701 8.78232758620701 38.5646389157263
8.78771551724149 8.78771551724149 38.6119720059834
8.79310344827597 8.79310344827597 38.6593341260414
8.79849137931045 8.79849137931045 38.7067252759002
8.80387931034494 8.80387931034494 38.7541454555598
8.80926724137942 8.80926724137942 38.8015946650203
8.8146551724139 8.8146551724139 38.8490729042816
8.82004310344838 8.82004310344838 38.8965801733437
8.82543103448286 8.82543103448286 38.9441164722066
8.83081896551735 8.83081896551735 38.9916818008704
8.83620689655183 8.83620689655183 39.0392761593351
8.84159482758631 8.84159482758631 39.0868995476005
8.84698275862079 8.84698275862079 39.1345519656668
8.85237068965528 8.85237068965528 39.1822334135339
8.85775862068976 8.85775862068976 39.2299438912019
8.86314655172424 8.86314655172424 39.2776833986706
8.86853448275872 8.86853448275872 39.3254519359403
8.8739224137932 8.8739224137932 39.3732495030107
8.87931034482769 8.87931034482769 39.421076099882
8.88469827586217 8.88469827586217 39.4689317265541
8.89008620689665 8.89008620689665 39.516816383027
8.89547413793113 8.89547413793113 39.5647300693008
8.90086206896562 8.90086206896562 39.6126727853754
8.9062500000001 8.9062500000001 39.6606445312509
8.91163793103458 8.91163793103458 39.7086453069271
8.91702586206906 8.91702586206906 39.7566751124043
8.92241379310354 8.92241379310354 39.8047339476822
8.92780172413803 8.92780172413803 39.852821812761
8.93318965517251 8.93318965517251 39.9009387076406
8.93857758620699 8.93857758620699 39.949084632321
8.94396551724147 8.94396551724147 39.9972595868023
8.94935344827596 8.94935344827596 40.0454635710844
8.95474137931044 8.95474137931044 40.0936965851673
8.96012931034492 8.96012931034492 40.1419586290511
8.9655172413794 8.9655172413794 40.1902497027357
8.97090517241388 8.97090517241388 40.2385698062211
8.97629310344837 8.97629310344837 40.2869189395074
8.98168103448285 8.98168103448285 40.3352971025945
8.98706896551733 8.98706896551733 40.3837042954824
8.99245689655181 8.99245689655181 40.4321405181711
8.9978448275863 8.9978448275863 40.4806057706607
9.00323275862078 9.00323275862078 40.5291000529512
9.00862068965526 9.00862068965526 40.5776233650424
9.01400862068974 9.01400862068974 40.6261757069345
9.01939655172422 9.01939655172422 40.6747570786274
9.02478448275871 9.02478448275871 40.7233674801212
9.03017241379319 9.03017241379319 40.7720069114158
9.03556034482767 9.03556034482767 40.8206753725112
9.04094827586215 9.04094827586215 40.8693728634074
9.04633620689664 9.04633620689664 40.9180993841045
9.05172413793112 9.05172413793112 40.9668549346024
9.0571120689656 9.0571120689656 41.0156395149012
9.06250000000008 9.06250000000008 41.0644531250007
9.06788793103456 9.06788793103456 41.1132957649012
9.07327586206905 9.07327586206905 41.1621674346024
9.07866379310353 9.07866379310353 41.2110681341045
9.08405172413801 9.08405172413801 41.2599978634074
9.08943965517249 9.08943965517249 41.3089566225111
9.09482758620697 9.09482758620697 41.3579444114157
9.10021551724146 9.10021551724146 41.4069612301211
9.10560344827594 9.10560344827594 41.4560070786273
9.11099137931042 9.11099137931042 41.5050819569344
9.1163793103449 9.1163793103449 41.5541858650423
9.12176724137939 9.12176724137939 41.6033188029511
9.12715517241387 9.12715517241387 41.6524807706606
9.13254310344835 9.13254310344835 41.701671768171
9.13793103448283 9.13793103448283 41.7508917954822
9.14331896551731 9.14331896551731 41.8001408525943
9.1487068965518 9.1487068965518 41.8494189395072
9.15409482758628 9.15409482758628 41.8987260562209
9.15948275862076 9.15948275862076 41.9480622027355
9.16487068965524 9.16487068965524 41.9974273790509
9.17025862068973 9.17025862068973 42.0468215851671
9.17564655172421 9.17564655172421 42.0962448210842
9.18103448275869 9.18103448275869 42.1456970868021
9.18642241379317 9.18642241379317 42.1951783823208
9.19181034482765 9.19181034482765 42.2446887076403
9.19719827586214 9.19719827586214 42.2942280627607
9.20258620689662 9.20258620689662 42.343796447682
9.2079741379311 9.2079741379311 42.393393862404
9.21336206896558 9.21336206896558 42.4430203069269
9.21875000000007 9.21875000000007 42.4926757812506
9.22413793103455 9.22413793103455 42.5423602853752
9.22952586206903 9.22952586206903 42.5920738193005
9.23491379310351 9.23491379310351 42.6418163830268
9.24030172413799 9.24030172413799 42.6915879765538
9.24568965517248 9.24568965517248 42.7413885998817
9.25107758620696 9.25107758620696 42.7912182530104
9.25646551724144 9.25646551724144 42.8410769359399
9.26185344827592 9.26185344827592 42.8909646486703
9.26724137931041 9.26724137931041 42.9408813912015
9.27262931034489 9.27262931034489 42.9908271635336
9.27801724137937 9.27801724137937 43.0408019656664
9.28340517241385 9.28340517241385 43.0908057976001
9.28879310344833 9.28879310344833 43.1408386593347
9.29418103448282 9.29418103448282 43.19090055087
9.2995689655173 9.2995689655173 43.2409914722062
9.30495689655178 9.30495689655178 43.2911114233433
9.31034482758626 9.31034482758626 43.3412604042811
9.31573275862075 9.31573275862075 43.3914384150198
9.32112068965523 9.32112068965523 43.4416454555594
9.32650862068971 9.32650862068971 43.4918815258997
9.33189655172419 9.33189655172419 43.5421466260409
9.33728448275867 9.33728448275867 43.592440755983
9.34267241379316 9.34267241379316 43.6427639157258
9.34806034482764 9.34806034482764 43.6931161052695
9.35344827586212 9.35344827586212 43.743497324614
9.3588362068966 9.3588362068966 43.7939075737594
9.36422413793109 9.36422413793109 43.8443468527056
9.36961206896557 9.36961206896557 43.8948151614526
9.37500000000005 9.37500000000005 43.9453125000005
9.38038793103453 9.38038793103453 43.9958388683492
9.38577586206901 9.38577586206901 44.0463942664987
9.3911637931035 9.3911637931035 44.096978694449
9.39655172413798 9.39655172413798 44.1475921522002
9.40193965517246 9.40193965517246 44.1982346397522
9.40732758620694 9.40732758620694 44.2489061571051
9.41271551724143 9.41271551724143 44.2996067042588
9.41810344827591 9.41810344827591 44.3503362812133
9.42349137931039 9.42349137931039 44.4010948879686
9.42887931034487 9.42887931034487 44.4518825245248
9.43426724137935 9.43426724137935 44.5026991908818
9.43965517241384 9.43965517241384 44.5535448870396
9.44504310344832 9.44504310344832 44.6044196129983
9.4504310344828 9.4504310344828 44.6553233687578
9.45581896551728 9.45581896551728 44.7062561543182
9.46120689655177 9.46120689655177 44.7572179696793
9.46659482758625 9.46659482758625 44.8082088148414
9.47198275862073 9.47198275862073 44.8592286898042
9.47737068965521 9.47737068965521 44.9102775945679
9.48275862068969 9.48275862068969 44.9613555291324
9.48814655172418 9.48814655172418 45.0124624934977
9.49353448275866 9.49353448275866 45.0635984876639
9.49892241379314 9.49892241379314 45.1147635116309
9.50431034482762 9.50431034482762 45.1659575653987
9.5096982758621 9.5096982758621 45.2171806489674
9.51508620689659 9.51508620689659 45.2684327623368
9.52047413793107 9.52047413793107 45.3197139055072
9.52586206896555 9.52586206896555 45.3710240784783
9.53125000000003 9.53125000000003 45.4223632812503
9.53663793103452 9.53663793103452 45.4737315138231
9.542025862069 9.542025862069 45.5251287761968
9.54741379310348 9.54741379310348 45.5765550683713
9.55280172413796 9.55280172413796 45.6280103903466
9.55818965517244 9.55818965517244 45.6794947421228
9.56357758620693 9.56357758620693 45.7310081236998
9.56896551724141 9.56896551724141 45.7825505350776
9.57435344827589 9.57435344827589 45.8341219762562
9.57974137931037 9.57974137931037 45.8857224472357
9.58512931034486 9.58512931034486 45.937351948016
9.59051724137934 9.59051724137934 45.9890104785972
9.59590517241382 9.59590517241382 46.0406980389792
9.6012931034483 9.6012931034483 46.092414629162
9.60668103448278 9.60668103448278 46.1441602491456
9.61206896551727 9.61206896551727 46.1959348989301
9.61745689655175 9.61745689655175 46.2477385785154
9.62284482758623 9.62284482758623 46.2995712879015
9.62823275862071 9.62823275862071 46.3514330270885
9.6336206896552 9.6336206896552 46.4033237960763
9.63900862068968 9.63900862068968 46.455243594865
9.64439655172416 9.64439655172416 46.5071924234544
9.64978448275864 9.64978448275864 46.5591702818447
9.65517241379312 9.65517241379312 46.6111771700359
9.66056034482761 9.66056034482761 46.6632130880278
9.66594827586209 9.66594827586209 46.7152780358207
9.67133620689657 9.67133620689657 46.7673720134143
9.67672413793105 9.67672413793105 46.8194950208088
9.68211206896554 9.68211206896554 46.871647058004
9.68750000000002 9.68750000000002 46.9238281250002
9.6928879310345 9.6928879310345 46.9760382217971
9.69827586206898 9.69827586206898 47.0282773483949
9.70366379310346 9.70366379310346 47.0805455047936
9.70905172413795 9.70905172413795 47.132842690993
9.71443965517243 9.71443965517243 47.1851689069933
9.71982758620691 9.71982758620691 47.2375241527944
9.72521551724139 9.72521551724139 47.2899084283964
9.73060344827588 9.73060344827588 47.3423217337992
9.73599137931036 9.73599137931036 47.3947640690028
9.74137931034484 9.74137931034484 47.4472354340073
9.74676724137932 9.74676724137932 47.4997358288125
9.7521551724138 9.7521551724138 47.5522652534187
9.75754310344829 9.75754310344829 47.6048237078256
9.76293103448277 9.76293103448277 47.6574111920334
9.76831896551725 9.76831896551725 47.710027706042
9.77370689655173 9.77370689655173 47.7626732498515
9.77909482758622 9.77909482758622 47.8153478234617
9.7844827586207 9.7844827586207 47.8680514268729
9.78987068965518 9.78987068965518 47.9207840600848
9.79525862068966 9.79525862068966 47.9735457230976
9.80064655172414 9.80064655172414 48.0263364159112
9.80603448275863 9.80603448275863 48.0791561385256
9.81142241379311 9.81142241379311 48.1320048909409
9.81681034482759 9.81681034482759 48.184882673157
9.82219827586207 9.82219827586207 48.2377894851739
9.82758620689656 9.82758620689656 48.2907253269917
9.83297413793104 9.83297413793104 48.3436901986103
9.83836206896552 9.83836206896552 48.3966841000298
9.84375 9.84375 48.44970703125
9.84913793103448 9.84913793103448 48.5027589922711
9.85452586206897 9.85452586206897 48.5558399830931
9.85991379310345 9.85991379310345 48.6089500037158
9.86530172413793 9.86530172413793 48.6620890541394
9.87068965517241 9.87068965517241 48.7152571343638
9.8760775862069 9.8760775862069 48.7684542443891
9.88146551724138 9.88146551724138 48.8216803842152
9.88685344827586 9.88685344827586 48.8749355538421
9.89224137931034 9.89224137931034 48.9282197532699
9.89762931034482 9.89762931034482 48.9815329824985
9.90301724137931 9.90301724137931 49.0348752415279
9.90840517241379 9.90840517241379 49.0882465303582
9.91379310344827 9.91379310344827 49.1416468489892
9.91918103448275 9.91918103448275 49.1950761974212
9.92456896551723 9.92456896551723 49.2485345756539
9.92995689655172 9.92995689655172 49.3020219836875
9.9353448275862 9.9353448275862 49.3555384215219
9.94073275862068 9.94073275862068 49.4090838891572
9.94612068965516 9.94612068965516 49.4626583865933
9.95150862068965 9.95150862068965 49.5162619138302
9.95689655172413 9.95689655172413 49.5698944708679
9.96228448275861 9.96228448275861 49.6235560577065
9.96767241379309 9.96767241379309 49.6772466743459
9.97306034482757 9.97306034482757 49.7309663207862
9.97844827586206 9.97844827586206 49.7847149970272
9.98383620689654 9.98383620689654 49.8384927030691
9.98922413793102 9.98922413793102 49.8922994389119
9.9946120689655 9.9946120689655 49.9461352045555
9.99999999999999 9.99999999999999 49.9999999999999
