-5 0.00673794699908547 0.00673794699908547
-4.875 0.00763509421886003 0.00763509421885996
-4.75 0.00865169520312066 0.00865169520312063
-4.625 0.00980365503582177 0.00980365503582183
-4.5 0.0111089965382423 0.0111089965382423
-4.375 0.012588142242434 0.012588142242434
-4.25 0.0142642339089993 0.0142642339089993
-4.125 0.0161634945881658 0.0161634945881659
-4 0.0183156388887342 0.0183156388887342
-3.875 0.0207543378736998 0.0207543378736997
-3.75 0.0235177458560092 0.0235177458560091
-3.625 0.0266490973363554 0.0266490973363555
-3.5 0.0301973834223186 0.0301973834223185
-3.375 0.034218118311666 0.034218118311666
-3.25 0.0387742078317221 0.038774207831722
-3.125 0.0439369336234076 0.0439369336234074
-3 0.0497870683678641 0.0497870683678639
-2.875 0.0564161395037773 0.0564161395037774
-2.75 0.0639278612067076 0.0639278612067076
-2.625 0.0724397570342513 0.0724397570342515
-2.5 0.0820849986238988 0.0820849986238988
-2.375 0.0930144892106636 0.0930144892106635
-2.25 0.105399224561864 0.105399224561864
-2.125 0.11943296826672 0.11943296826672
-2 0.135335283236613 0.135335283236613
-1.875 0.153354966844929 0.153354966844928
-1.75 0.173773943450445 0.173773943450445
-1.625 0.196911675204194 0.196911675204194
-1.5 0.22313016014843 0.22313016014843
-1.375 0.252839595804746 0.252839595804746
-1.25 0.28650479686019 0.28650479686019
-1.125 0.32465246735835 0.32465246735835
-1 0.367879441171442 0.367879441171442
-0.875 0.416862019678509 0.416862019678508
-0.75 0.472366552741015 0.472366552741015
-0.625 0.53526142851899 0.53526142851899
-0.5 0.606530659712634 0.606530659712633
-0.375 0.687289278790972 0.687289278790972
-0.25 0.778800783071405 0.778800783071405
-0.125 0.882496902584595 0.882496902584595
0 1 1
0.125 1.13314845306683 1.13314845306683
0.25 1.28402541668774 1.28402541668774
0.375 1.4549914146182 1.4549914146182
0.5 1.64872127070013 1.64872127070013
0.625 1.86824595743222 1.86824595743222
0.75 2.11700001661267 2.11700001661267
0.875 2.3988752939671 2.3988752939671
1 2.71828182845904 2.71828182845905
1.125 3.08021684891803 3.08021684891803
1.25 3.49034295746184 3.49034295746184
1.375 3.95507672292058 3.95507672292058
1.5 4.48168907033806 4.48168907033806
1.625 5.07841903718008 5.07841903718008
1.75 5.75460267600572 5.75460267600573
1.875 6.52081912033011 6.52081912033011
2 7.38905609893065 7.38905609893065
2.125 8.37289748812726 8.37289748812726
2.25 9.48773583635852 9.48773583635853
2.375 10.7510131860763 10.7510131860764
2.5 12.1824939607035 12.1824939607035
2.625 13.8045741860671 13.8045741860671
2.75 15.6426318841882 15.6426318841882
2.875 17.7254241214617 17.7254241214616
3 20.0855369231876 20.0855369231877
3.125 22.7598950935267 22.7598950935267
3.25 25.790339917193 25.7903399171931
3.375 29.224283781235 29.2242837812349
3.5 33.1154519586922 33.1154519586923
3.625 37.5247231596011 37.524723159601
3.75 42.5210820000627 42.5210820000628
3.875 48.1826982910987 48.1826982910988
4 54.5981500331442 54.5981500331442
4.125 61.867809250368 61.8678092503679
4.25 70.1054123466878 70.1054123466879
4.375 79.4398395522611 79.4398395522613
4.5 90.0171313005217 90.0171313005218
4.625 102.0027730827 102.0027730827
4.75 115.584284527187 115.584284527188
4.875 130.974153210817 130.974153210819
5 148.413159102577 148.413159102577
