-4.95 -0.182215505480457 NaN
-4.85 -0.0743312536836997 NaN
-4.75 -0.0563928696479198 NaN
-4.65 -0.0527830499154128 NaN
-4.55 -0.0560506791778781 NaN
-4.45 -0.065848979562578 NaN
-4.35 -0.0855818723321301 NaN
-4.25 -0.126176643066485 NaN
-4.15 -0.229460251591895 NaN
-4.05 -0.77585677073644 NaN
-3.95 0.901966752128311 NaN
-3.85 0.36050658036595 NaN
-3.75 0.26786613082762 NaN
-3.65 0.245441182106671 NaN
-3.55 0.255030590259345 NaN
-3.45 0.293027959053472 NaN
-3.35 0.372281144644766 NaN
-3.25 0.53625073303256 NaN
-3.15 0.952260044106367 NaN
-3.05 3.14221992148263 NaN
-2.95 -3.56276867090679 NaN
-2.85 -1.3879503344089 NaN
-2.75 -1.00449799060357 NaN
-2.65 -0.895860314689347 NaN
-2.55 -0.905358595420676 NaN
-2.45 -1.01094645873448 NaN
-2.35 -1.24714183455997 NaN
-2.25 -1.74281488235583 NaN
-2.15 -2.99961913893507 NaN
-2.05 -9.5837707605222 NaN
-1.95 10.5101675791749 NaN
-1.85 3.95565845306535 NaN
-1.75 2.76236947415982 NaN
-1.65 2.37402983392676 NaN
-1.55 2.30866441832272 NaN
-1.45 2.47681882389948 NaN
-1.35 2.93078331121593 NaN
-1.25 3.92133348530063 NaN
-1.15 6.44918114871045 NaN
-1.05 19.6467300590709 NaN
-0.950000000000001 -20.4948267793907 NaN
-0.850000000000001 -7.31796813817086 NaN
-0.750000000000001 -4.83414657977969 NaN
-0.650000000000001 -3.91714922597916 NaN
-0.550000000000001 -3.57842984840022 NaN
-0.450000000000001 -3.59138729465425 NaN
-0.350000000000001 -3.95655747014151 NaN
-0.250000000000001 -4.90166685662579 NaN
-0.150000000000001 -7.41655832101702 NaN
-0.0500000000000009 -20.6290665620243 NaN
0.0499999999999991 19.4700851041406 2.96887919041413
0.149999999999999 6.22027281140403 1.8278137661436
0.249999999999999 3.62560987363126 1.28802251515743
0.349999999999999 2.5461469541869 0.934581218103005
0.449999999999999 1.96813638372248 0.677087096900875
0.549999999999999 1.6161242555807 0.480030847972595
0.649999999999999 1.38479509132614 0.325552180192864
0.749999999999999 1.22541669347033 0.203280944091061
0.849999999999999 1.11248372918729 0.106595109501682
0.949999999999999 1.03145331028633 0.0309687886039299
1.05 0.973504255207012 -0.0268530831398746
1.15 0.933040921710598 -0.0693062187422921
1.25 0.906402468407811 -0.0982718459624605
1.35 0.891151433965413 -0.115240906395676
1.45 0.885661372675115 -0.121420599316899
1.55 0.888868340569385 -0.117806152783023
1.65 0.900116809361992 -0.105230735899593
1.75 0.919062520102744 -0.0844011283607228
1.85 0.945611169809197 -0.0559238199960949
1.95 0.979880644772009 -0.020324505783623
2.05 1.02217946796737 0.021937081029559
2.15 1.07299705996719 0.0704557236328706
2.25 1.13300308550976 0.124871705351747
2.35 1.20305443585331 0.184863686054662
2.45 1.28420899037892 0.250142957115583
2.55 1.37774592788255 0.320448778148131
2.65 1.4851927354473 0.395544552012903
2.75 1.6083594101798 0.4752146595747
2.85 1.74938066414702 0.559261819094143
2.95 1.91076725730542 0.647504866792034
3.05 2.0954679093331 0.739776874179875
3.15 2.30694367892946 0.835923565772442
3.25 2.54925694239696 0.935801921568076
3.35 2.82717792425528 1.03927901421073
3.45 3.14631202642836 1.14623098167222
3.55 3.51325211610049 1.25654213731847
3.65 3.93576074893534 1.37010419201104
3.75 4.42298837799446 1.48681557125318
3.85 4.98573489281901 1.6065808133747
3.95 5.63676340905099 1.72931003714376
4.05 6.39117712346594 1.85491846479919
4.15 7.26687258862782 1.98332601860999
4.25 8.28508506279012 2.11445691790972
4.35 9.4710460462552 2.24823936004771
4.45 10.8547764911778 2.38460521271549
4.55 12.4720450121568 2.52348974080579
4.65 14.3655267336139 2.66483135960543
4.75 16.5862064174792 2.8085714112355
4.85 19.1950793373531 2.95465396167439
4.95 22.2652154657514 3.10302561605679
