0 Infinity
0.1 9.51350760020597
0.2 4.59084366700099
0.3 2.99156895990206
0.4 2.21815952422413
0.5 1.77245383609822
0.6 1.48919223700414
0.7 1.29805532287234
0.8 1.16422970539459
0.9 1.0686286948498
1 0.999999989064903
1.1 0.951350760020598
1.2 0.918168733400198
1.3 0.897470687970618
1.4 0.88726380968965
1.5 0.886226918049109
1.6 0.893515342202488
1.7 0.90863872601064
1.8 0.931383764315667
1.9 0.961765825364823
2 0.999999989064902
2.1 1.04648583602266
2.2 1.10180248008024
2.3 1.1667118943618
2.4 1.24216933356551
2.5 1.32934037707366
2.6 1.42962454752398
2.7 1.54468583421809
2.8 1.6764907757682
2.9 1.82735506819317
3 1.9999999781298
3.1 2.19762025564758
3.2 2.42396545617653
3.3 2.68343735703214
3.4 2.98120640055722
3.5 3.32335094268418
3.6 3.71702382356235
3.7 4.17065175238886
3.8 4.69417417215095
3.9 5.29932969776019
4 5.99999993438942
4.1 6.8126227925075
4.2 7.7566894597649
4.3 8.85534327820609
4.4 10.1361017618946
4.5 11.6317282993946
4.6 13.3812857648244
4.7 15.4314114838387
4.8 17.8378618541736
4.9 20.6673858212647
5 23.9999998447098
5.1 27.9317534492806
5.2 32.5780957310123
5.3 38.0779760962859
5.4 44.5988477523357
5.5 52.3427773472755
5.6 61.553914518192
5.7 72.5276339740413
5.8 85.6217369000325
5.9 101.270190524196
5.99999999999999 119.999999223549
